Num	    Ref     Trade	Entry Spot	Exit Spot	Buy 	Final	Profit/Loss
                Type                            Price   Price
1	26045203188	CALL	15936.11	15933.08	1.00	0.00	-1
2	26045211428	CALL	15927.64	15936.85	2.00	3.88	1.88
3	26045219548	CALL	15939.93	15941.21	1.00	1.94	0.94
4	26045227168	CALL	15939.48	15933.03	1.00	0.00	-1
5	26045235008	CALL	15935.71	15938.90	2.00	3.88	1.88
6	26045243248	CALL	15941.87	15933.06	1.00	0.00	-1
7	26045250988	CALL	15937.88	15904.34	2.00	0.00	-2
8	26045258888	CALL	15900.88	15906.31	4.00	7.77	3.77
9	26045267168	CALL	15903.74	15906.89	1.00	1.94	0.94
10	26045286028	CALL	15898.62	15913.54	1.00	1.94	0.94
11	26045293728	CALL	15909.11	15922.68	1.00	1.94	0.94
12	26045301668	CALL	15918.97	15926.21	1.00	1.94	0.94
13	26045308928	CALL	15924.67	15937.99	1.00	1.94	0.94
14	26045315888	CALL	15937.60	15951.95	1.00	1.94	0.94
15	26045324388	CALL	15949.75	15958.78	1.00	1.94	0.94
16	26045331648	CALL	15961.93	15946.37	1.00	0.00	-1
17	26045339408	CALL	15945.40	15949.87	2.00	3.88	1.88
18	26045346368	CALL	15947.51	15941.98	1.00	0.00	-1
19	26045353528	CALL	15941.29	15935.36	2.00	0.00	-2
20	26045360808	CALL	15936.98	15943.65	4.00	7.77	3.77
21	26045368048	CALL	15953.48	15947.09	1.00	0.00	-1
22	26045374808	CALL	15953.94	15958.03	2.00	3.88	1.88
23	26045383508	CALL	15956.16	15966.27	1.00	1.94	0.94
24	26045391448	CALL	15965.96	15976.72	1.00	1.94	0.94
25	26045400388	CALL	15979.27	15974.05	1.00	0.00	-1
26	26045408348	CALL	15976.26	15978.44	2.00	3.88	1.88
27	26045414968	CALL	15969.54	15978.31	1.00	1.94	0.94
28	26045422408	CALL	15979.02	16007.74	1.00	1.94	0.94
29	26045429768	CALL	16008.71	15992.42	1.00	0.00	-1
30	26045438228	CALL	15993.70	15995.04	2.00	3.88	1.88
31	26045445608	CALL	15995.60	16005.32	1.00	1.94	0.94
32	26045452728	CALL	16013.86	16026.14	1.00	1.94	0.94
33	26045460708	CALL	16026.57	16024.59	1.00	0.00	-1
34	26045468768	CALL	16012.26	16031.13	2.00	3.88	1.88
35	26045476648	CALL	16032.65	16016.13	1.00	0.00	-1
36	26045484228	CALL	16012.19	16008.36	2.00	0.00	-2
37	26045491788	CALL	16005.88	16013.51	4.00	7.77	3.77
38	26045499608	CALL	16011.02	16017.03	1.00	1.94	0.94
39	26045505788	CALL	16011.73	15999.63	1.00	0.00	-1
40	26045512748	CALL	16006.29	15995.00	2.00	0.00	-2
41	26045520888	CALL	15996.99	15990.17	4.00	0.00	-4
42	26045528468	CALL	15992.46	16011.37	8.00	15.54	7.54
43	26045535728	CALL	16008.44	15992.33	1.00	0.00	-1
44	26045542688	CALL	15983.17	15976.57	2.00	0.00	-2
45	26045550448	CALL	15976.16	15987.15	4.00	7.77	3.77
46	26045557868	CALL	15981.95	15967.57	1.00	0.00	-1
47	26045565128	CALL	15972.95	15971.75	2.00	0.00	-2
48	26045572028	CALL	15976.93	15970.09	4.00	0.00	-4
49	26045579548	CALL	15964.69	15959.37	8.00	0.00	-8
50	26045586448	CALL	15962.88	15950.30	16.00	0.00	-16
51	26045593268	CALL	15949.36	15958.34	32.00	62.15	30.15
52	26045600028	CALL	15964.16	15986.64	1.00	1.94	0.94
53	26045607528	CALL	15996.47	16011.54	1.00	1.94	0.94
54	26045615248	CALL	15999.68	16015.18	1.00	1.94	0.94
55	26045622268	CALL	16003.25	16008.89	1.00	1.94	0.94
56	26045629188	CALL	16014.26	16011.11	1.00	0.00	-1
57	26045636808	CALL	16016.45	16010.86	2.00	0.00	-2
58	26045643788	CALL	16009.58	16013.16	4.00	7.77	3.77
59	26045650628	CALL	16020.59	16027.47	1.00	1.94	0.94
60	26045659468	CALL	16021.07	16030.40	1.00	1.94	0.94
61	26045666748	CALL	16025.97	16024.68	1.00	0.00	-1
62	26045673468	CALL	16034.41	16018.85	2.00	0.00	-2
63	26045680728	CALL	16024.92	16038.23	4.00	7.77	3.77
64	26045687828	CALL	16041.70	16057.66	1.00	1.94	0.94
65	26045695108	CALL	16053.14	16047.60	1.00	0.00	-1
66	26045702028	CALL	16053.73	16055.39	2.00	3.88	1.88
67	26045709908	CALL	16053.80	16064.08	1.00	1.94	0.94
68	26045717568	CALL	16071.90	16076.66	1.00	1.94	0.94
69	26045724828	CALL	16069.08	16064.65	1.00	0.00	-1
70	26045731968	CALL	16059.65	16067.27	2.00	3.88	1.88
71	26045739968	CALL	16067.82	16067.86	1.00	1.94	0.94
72	26045746728	CALL	16072.61	16065.14	1.00	0.00	-1
73	26045753848	CALL	16061.43	16049.57	2.00	0.00	-2
74	26045761168	CALL	16051.05	16060.17	4.00	7.77	3.77
75	26045768148	CALL	16057.18	16058.63	1.00	1.94	0.94
76	26045774988	CALL	16053.96	16063.63	1.00	1.94	0.94
77	26045782288	CALL	16064.10	16071.70	1.00	1.94	0.94
78	26045791328	CALL	16068.62	16074.06	1.00	1.94	0.94
79	26045799908	CALL	16079.06	16075.12	1.00	0.00	-1
80	26045807628	CALL	16082.70	16089.51	2.00	3.88	1.88
81	26045815408	CALL	16093.15	16097.48	1.00	1.94	0.94
82	26045823328	CALL	16093.42	16108.27	1.00	1.94	0.94
83	26045831688	CALL	16111.51	16114.86	1.00	1.94	0.94
84	26045839148	CALL	16120.06	16128.28	1.00	1.94	0.94
85	26045845928	CALL	16133.73	16135.45	1.00	1.94	0.94
86	26045854528	CALL	16137.61	16131.94	1.00	0.00	-1
87	26045862928	CALL	16131.42	16131.01	2.00	0.00	-2
88	26045869288	CALL	16128.67	16142.33	4.00	7.77	3.77
89	26045876468	CALL	16143.97	16135.61	1.00	0.00	-1
90	26045883388	CALL	16156.31	16156.42	2.00	3.88	1.88
91	26045890708	CALL	16152.60	16149.05	1.00	0.00	-1
92	26045896928	CALL	16153.76	16155.65	2.00	3.88	1.88
93	26045903408	CALL	16151.06	16173.81	1.00	1.94	0.94
94	26045910848	CALL	16170.34	16147.08	1.00	0.00	-1
95	26045918428	CALL	16153.54	16163.18	2.00	3.88	1.88
96	26045925948	CALL	16159.21	16149.00	1.00	0.00	-1
97	26045933708	CALL	16146.57	16140.53	2.00	0.00	-2
98	26045940588	CALL	16149.09	16148.37	4.00	0.00	-4
99	26045947988	CALL	16146.52	16140.74	8.00	0.00	-8
100	26045954788	CALL	16139.14	16147.71	16.00	31.08	15.08
101	26045962428	CALL	16146.18	16155.49	1.00	1.94	0.94
102	26045969508	CALL	16157.97	16165.18	1.00	1.94	0.94
103	26045976488	CALL	16166.43	16162.32	1.00	0.00	-1
104	26045983468	CALL	16171.11	16160.69	2.00	0.00	-2
105	26045990568	CALL	16159.10	16166.74	4.00	7.77	3.77
106	26045997708	CALL	16174.16	16154.35	1.00	0.00	-1
107	26046005008	CALL	16153.84	16166.56	2.00	3.88	1.88
108	26046011988	CALL	16164.79	16164.35	1.00	0.00	-1
109	26046019148	CALL	16165.88	16177.70	2.00	3.88	1.88
110	26046025948	CALL	16178.05	16181.16	1.00	1.94	0.94
111	26046033748	CALL	16173.58	16181.88	1.00	1.94	0.94
112	26046040568	CALL	16183.89	16185.23	1.00	1.94	0.94
113	26046047728	CALL	16185.50	16191.32	1.00	1.94	0.94
114	26046055108	CALL	16190.88	16181.63	1.00	0.00	-1
115	26046061848	CALL	16179.54	16171.00	2.00	0.00	-2
116	26046070648	CALL	16174.11	16176.16	4.00	7.77	3.77
117	26046078488	CALL	16161.68	16172.31	1.00	1.94	0.94
118	26046085688	CALL	16174.50	16176.96	1.00	1.94	0.94
119	26046092948	CALL	16169.29	16195.92	1.00	1.94	0.94
120	26046100948	CALL	16198.57	16190.51	1.00	0.00	-1
121	26046108988	CALL	16195.38	16183.69	2.00	0.00	-2
122	26046117288	CALL	16173.72	16175.67	4.00	7.77	3.77
123	26046124468	CALL	16174.96	16188.01	1.00	1.94	0.94
124	26046131268	CALL	16190.46	16199.55	1.00	1.94	0.94
125	26046138228	CALL	16203.31	16212.76	1.00	1.94	0.94
126	26046146108	CALL	16207.93	16217.57	1.00	1.94	0.94
127	26046153808	CALL	16210.04	16193.07	1.00	0.00	-1
128	26046161688	CALL	16182.18	16201.18	2.00	3.88	1.88
129	26046169628	CALL	16202.26	16206.72	1.00	1.94	0.94
130	26046176828	CALL	16205.82	16204.44	1.00	0.00	-1
131	26046184028	CALL	16202.00	16204.87	2.00	3.88	1.88
132	26046190448	CALL	16193.84	16200.43	1.00	1.94	0.94
133	26046197088	CALL	16208.38	16205.43	1.00	0.00	-1
134	26046204708	CALL	16199.81	16197.90	2.00	0.00	-2
135	26046212728	CALL	16195.18	16202.10	4.00	7.77	3.77
136	26046220208	CALL	16194.15	16198.17	1.00	1.94	0.94
137	26046226948	CALL	16199.42	16188.79	1.00	0.00	-1
138	26046234588	CALL	16190.07	16222.63	2.00	3.88	1.88
139	26046242928	CALL	16213.68	16214.59	1.00	1.94	0.94
140	26046250488	CALL	16222.01	16234.07	1.00	1.94	0.94
141	26046258228	CALL	16242.06	16219.03	1.00	0.00	-1
142	26046265848	CALL	16207.78	16212.34	2.00	3.88	1.88
143	26046273328	CALL	16211.88	16216.58	1.00	1.94	0.94
144	26046280328	CALL	16218.10	16208.43	1.00	0.00	-1
145	26046286968	CALL	16201.02	16204.30	2.00	3.88	1.88
146	26046294928	CALL	16202.54	16190.35	1.00	0.00	-1
147	26046302028	CALL	16203.48	16212.50	2.00	3.88	1.88
148	26046309008	CALL	16214.97	16200.99	1.00	0.00	-1
149	26046317108	CALL	16191.47	16194.30	2.00	3.88	1.88
150	26046323688	CALL	16192.53	16186.46	1.00	0.00	-1
151	26046330708	CALL	16190.18	16184.70	2.00	0.00	-2
152	26046337808	CALL	16171.37	16170.00	4.00	0.00	-4
153	26046345508	CALL	16164.60	16160.87	8.00	0.00	-8
154	26046352528	CALL	16157.79	16164.06	16.00	31.08	15.08
155	26046359488	CALL	16175.92	16171.76	1.00	0.00	-1
156	26046366908	CALL	16177.98	16170.70	2.00	0.00	-2
157	26046375648	CALL	16173.65	16162.37	4.00	0.00	-4
158	26046382428	CALL	16158.52	16166.25	8.00	15.54	7.54
159	26046388408	CALL	16164.33	16166.87	1.00	1.94	0.94
160	26046395728	CALL	16148.12	16135.51	1.00	0.00	-1
161	26046403588	CALL	16132.14	16121.74	2.00	0.00	-2
162	26046410668	CALL	16131.99	16116.57	4.00	0.00	-4
163	26046417488	CALL	16118.12	16122.30	8.00	15.54	7.54
164	26046424228	CALL	16115.67	16116.38	1.00	1.94	0.94
165	26046431528	CALL	16115.50	16117.76	1.00	1.94	0.94
166	26046438048	CALL	16124.02	16125.83	1.00	1.94	0.94
167	26046444968	CALL	16122.20	16117.36	1.00	0.00	-1
168	26046452248	CALL	16122.07	16124.80	2.00	3.88	1.88
169	26046459288	CALL	16121.29	16116.75	1.00	0.00	-1


