1492436040,141.6300,141.6400,141.2600,141.5126,1550700
1492436399,141.5350,141.7000,141.4684,141.6300,502800
1492436699,141.5000,141.5987,141.4000,141.5500,290500
1492436942,141.5044,141.6100,141.4500,141.4800,244300
1492437240,141.3790,141.5253,141.2481,141.5100,265000
1492437540,141.2299,141.3900,141.1067,141.3700,292200
1492437840,141.3500,141.4000,141.1800,141.2200,301200
1492438140,141.4400,141.4500,141.2900,141.3500,221500
1492438444,141.3225,141.4350,141.2700,141.4350,268400
1492438741,141.4900,141.5500,141.3100,141.3200,342600
1492439099,141.2850,141.5250,141.2700,141.5000,192000
1492439340,141.0500,141.3000,141.0500,141.2900,334600
1492439643,141.1200,141.1700,141.0500,141.0500,329400
1492439940,140.9600,141.1400,140.8700,141.1100,420900
1492440240,141.0400,141.0844,140.9248,140.9600,209400
1492440543,141.1000,141.1600,141.0400,141.0500,177300
1492440899,141.1000,141.2000,141.0800,141.1100,134800
1492441140,141.1200,141.1600,141.0600,141.0950,119900
1492441498,141.0747,141.1400,140.9700,141.1200,144600
1492441798,141.0100,141.1000,140.9400,141.0700,142400
1492442041,141.1600,141.1600,141.0100,141.0100,123400
1492442340,141.3000,141.3300,141.1500,141.1547,0
1492442643,141.2247,141.3547,141.2100,141.3100,157500
1492442941,141.3000,141.3000,141.2200,141.2300,100800
1492443298,141.2400,141.3200,141.2100,141.2941,110400
1492443541,141.2600,141.3000,141.2300,141.2400,74500
1492443842,141.1775,141.2750,141.1775,141.2500,94700
1492444199,141.1500,141.2238,141.0700,141.1800,144200
1492444499,141.1000,141.1600,141.1000,141.1500,87300
1492444799,141.1000,141.1800,141.0650,141.1000,0
1492445040,141.1600,141.2000,141.0900,141.1000,104300
1492445341,141.1801,141.2200,141.1642,141.1642,69600
1492445697,141.2200,141.2200,141.1400,141.1900,70300
1492445940,141.1900,141.2510,141.1900,141.2230,101000
1492446240,141.3437,141.3500,141.1800,141.1990,164000
1492446541,141.2850,141.3598,141.2800,141.3550,121900
1492446898,141.3300,141.3757,141.2850,141.2850,116500
1492447199,141.2662,141.3300,141.2400,141.3200,124800
1492447441,141.3200,141.3300,141.2651,141.2700,78000
1492447741,141.3200,141.3700,141.3000,141.3300,112500
1492448040,141.3700,141.3700,141.2710,141.3200,102100
1492448340,141.3757,141.4100,141.3300,141.3654,106500
1492448643,141.3538,141.4199,141.3500,141.3800,128600
1492448941,141.3642,141.3800,141.3200,141.3530,78100
1492449242,141.3500,141.3980,141.3400,141.3700,101000
1492449551,141.3800,141.4100,141.3500,141.3500,95100
1492449840,141.3600,141.3800,141.3100,141.3700,121200
1492450199,141.4701,141.4900,141.3400,141.3582,200000
1492450442,141.4959,141.5250,141.4700,141.4800,118500
1492450797,141.4700,141.5153,141.4300,141.4900,78600
1492451048,141.4100,141.5000,141.3750,141.4750,98300
1492451345,141.4342,141.4543,141.3900,141.4100,56300
1492451699,141.4000,141.4450,141.4000,141.4400,47100
1492451944,141.4136,141.4700,141.3900,141.4000,88900
1492452243,141.4301,141.4580,141.3300,141.4100,153900
1492452540,141.4200,141.4900,141.3800,141.4339,192500
1492452898,141.4600,141.5100,141.4200,141.4200,126700
1492453143,141.4400,141.5200,141.4100,141.4635,89500
1492453440,141.4700,141.4900,141.4142,141.4300,80400
1492453741,141.4500,141.5000,141.4300,141.4800,69700
1492454052,141.5200,141.5300,141.4437,141.4440,81400
1492454340,141.5000,141.5400,141.4550,141.5284,110100
1492454695,141.5300,141.5400,141.4830,141.5100,76800
1492454942,141.4300,141.5500,141.4200,141.5357,106800
1492455240,141.3963,141.4400,141.3700,141.4243,94900
1492455542,141.3700,141.4500,141.3255,141.4000,123200
1492455844,141.3550,141.4050,141.3200,141.3700,99600
1492456140,141.3600,141.3600,141.3100,141.3500,110300
1492456452,141.4300,141.4500,141.3433,141.3700,102900
1492456799,141.6300,141.6300,141.4300,141.4300,263600
1492457099,141.6250,141.6700,141.5500,141.6200,153200
1492457342,141.6400,141.7200,141.5650,141.6300,243600
1492457652,141.5600,141.6450,141.5500,141.6300,172900
1492457999,141.7002,141.7200,141.5600,141.5700,184100
1492458240,141.7000,141.7400,141.6550,141.7000,222100
1492458540,141.8200,141.8300,141.7000,141.7100,322500
1492458845,141.7950,141.8700,141.7550,141.8200,448100
1492459199,141.8300,141.8600,141.7000,141.7900,800000
1492459200,141.8800,141.8800,141.8800,141.8800,1000
1492522440,141.6300,141.6800,141.2415,141.4100,0
1492522740,141.7200,141.7540,141.5600,141.6200,322700
1492523042,141.6000,141.7800,141.4200,141.7100,359100
1492523342,141.5474,141.6900,141.5000,141.6000,279100
1492523640,141.5900,141.6900,141.4951,141.5450,293000
1492523940,141.9400,141.9699,141.6000,141.6000,336000
1492524299,141.8352,141.9600,141.8084,141.9400,259100
1492524542,141.7700,141.8900,141.7100,141.8500,247000
1492524841,141.8500,141.9000,141.7700,141.7700,163200
1492525140,141.7400,141.8550,141.7100,141.8550,165700
1492525440,141.7152,141.7600,141.6200,141.7400,175300
1492525741,141.7400,141.7900,141.6699,141.7200,134100
1492526044,141.7801,141.7900,141.6400,141.7400,155700
1492526340,141.9605,142.0400,141.7800,141.7900,408200
1492526641,141.9600,141.9900,141.8500,141.9700,144800
1492526942,141.7400,141.9700,141.6800,141.9600,154500
1492527298,141.6100,141.7300,141.5700,141.7300,187000
1492527540,141.6700,141.6965,141.5300,141.6199,186700
1492527840,141.5400,141.6800,141.5000,141.6800,252500
1492528141,141.6500,141.6900,141.5250,141.5300,184100
1492528443,141.7700,141.8300,141.6557,141.6699,167000
1492528795,141.7450,141.8554,141.7200,141.7700,133500
1492529099,141.6850,141.7800,141.6600,141.7450,117100
1492529396,141.6700,141.7600,141.6370,141.6800,81800
1492529698,141.4800,141.7000,141.4800,141.6600,157500
1492529942,141.5007,141.5200,141.3900,141.4700,208600
1492530298,141.4852,141.5500,141.4300,141.5027,115500
1492530540,141.5000,141.5900,141.4400,141.4900,85400
1492530841,141.4800,141.5300,141.4000,141.5000,113200
1492531141,141.3400,141.5200,141.3100,141.4850,0
1492531441,141.3400,141.3900,141.2200,141.3300,231100
1492531797,141.2700,141.3400,141.2500,141.3400,0
1492532040,141.2300,141.2999,141.1500,141.2750,293200
1492532399,141.1600,141.2610,141.1100,141.2300,134000
1492532640,141.2800,141.3000,141.1600,141.1700,118600
1492532999,141.3300,141.3300,141.2600,141.2800,76200
1492533241,141.3200,141.3637,141.2550,141.3400,125100
1492533547,141.3400,141.3700,141.2550,141.3300,121300
1492533840,141.4000,141.4500,141.3284,141.3400,105400
1492534142,141.3600,141.4100,141.3200,141.3957,46800
1492534442,141.4000,141.4600,141.3100,141.3600,122100
1492534743,141.3500,141.4500,141.3199,141.4000,131400
1492535041,141.2686,141.3599,141.2500,141.3599,113600
1492535343,141.2900,141.3300,141.2500,141.2799,64400
1492535642,141.4300,141.4400,141.2600,141.2900,80800
1492535998,141.3000,141.4400,141.3000,141.4400,97600
1492536247,141.3300,141.3600,141.2700,141.3000,96900
1492536599,141.4300,141.4300,141.3259,141.3300,84500
1492536841,141.4800,141.4900,141.3500,141.4300,93300
1492537146,141.4900,141.5500,141.4500,141.4840,128000
1492537441,141.4600,141.5300,141.4538,141.4800,71000
1492537740,141.4987,141.5099,141.4400,141.4600,74500
1492538099,141.3899,141.5100,141.3600,141.5000,122000
1492538343,141.3850,141.4200,141.3400,141.3900,73100
1492538640,141.3950,141.4300,141.3600,141.3800,123600
1492538941,141.4100,141.4550,141.3700,141.4000,112400
1492539240,141.3574,141.4300,141.3400,141.4100,84600
1492539540,141.4500,141.4700,141.3600,141.3659,137200
1492539840,141.4299,141.4900,141.3600,141.4600,153600
1492540144,141.4864,141.5000,141.4200,141.4250,98900
1492540499,141.4791,141.5000,141.4400,141.4800,85800
1492540740,141.4399,141.5610,141.4399,141.4800,146400
1492541041,141.3300,141.4800,141.3200,141.4400,150800
1492541340,141.3800,141.4000,141.3122,141.3300,119400
1492541697,141.3500,141.4100,141.3400,141.3800,70800
1492541999,141.3450,141.3600,141.2500,141.3600,157200
1492542243,141.2000,141.4100,141.1800,141.3500,208600
1492542540,141.2800,141.3300,141.2000,141.2000,109400
1492542840,141.1705,141.2900,141.1250,141.2816,130100
1492543141,141.3400,141.3400,141.1700,141.1800,141300
1492543441,141.3100,141.3640,141.2800,141.3400,126500
1492543799,141.3186,141.3700,141.2700,141.3100,115200
1492544040,141.3100,141.3493,141.2800,141.3200,111700
1492544342,141.3360,141.4000,141.2900,141.3000,191700
1492544642,141.3650,141.4200,141.3100,141.3400,188500
1492544941,141.3300,141.4400,141.3200,141.3650,270400
1492545299,141.2650,141.3800,141.2600,141.3600,239600
1492545541,141.1600,141.4110,141.1300,141.2700,598100
1492545600,141.2000,141.2000,141.2000,141.2000,861600
1492608840,141.6300,141.9600,141.5500,141.9600,0
1492609199,141.7600,141.7600,141.5200,141.6400,352100
1492609441,141.6500,141.7800,141.5700,141.7600,297200
1492609740,141.7000,141.7700,141.6100,141.6450,276300
1492610040,141.7500,141.7700,141.6950,141.6950,253400
1492610342,141.8000,141.9400,141.7445,141.7500,452200
1492610640,141.7500,141.9000,141.7500,141.8000,235700
1492610940,141.7390,141.7700,141.6750,141.7600,174200
1492611299,141.7290,141.8000,141.7100,141.7400,181600
1492611540,141.6765,141.7400,141.6600,141.7233,109800
1492611899,141.7200,141.7400,141.6500,141.6700,219100
1492612140,141.6250,141.7145,141.6000,141.7100,181500
1492612497,141.6256,141.6800,141.5853,141.6400,145100
1492612740,141.6100,141.6400,141.5655,141.6300,243100
1492613099,141.6950,141.7000,141.5600,141.6100,184600
1492613342,141.5800,141.7000,141.5700,141.6999,142400
1492613697,141.5890,141.6000,141.5200,141.5800,180100
1492613942,141.6500,141.7300,141.5700,141.5900,126900
1492614240,141.7540,141.7793,141.6350,141.6500,129100
1492614545,141.7900,141.7900,141.7401,141.7500,126800
1492614898,141.7939,141.8300,141.7250,141.7935,166300
1492615140,141.8253,141.8700,141.8000,141.8000,142400
1492615440,141.8700,141.8765,141.7900,141.8284,158300
1492615743,141.9200,141.9300,141.8100,141.8900,141600
1492616099,141.8100,141.9200,141.8000,141.9200,164800
1492616342,141.8700,141.8800,141.8000,141.8100,85600
1492616640,141.8250,141.8857,141.8100,141.8616,88300
1492616942,141.8000,141.8500,141.7900,141.8300,86400
1492617240,141.7800,141.8400,141.7800,141.8000,135000
1492617540,141.8000,141.8100,141.7600,141.7800,96400
1492617897,141.6700,141.8035,141.6700,141.7900,112400
1492618145,141.5107,141.6800,141.5100,141.6650,188800
1492618440,141.3500,141.5100,141.3400,141.5100,209200
1492618740,141.3400,141.4100,141.3100,141.3500,158700
1492619041,141.3899,141.4400,141.3100,141.3400,150000
1492619340,141.4500,141.4550,141.3900,141.3900,99900
1492619643,141.5050,141.5450,141.4400,141.4500,83300
1492619944,141.4810,141.5300,141.4550,141.5000,65600
1492620240,141.4650,141.5000,141.4300,141.4847,75200
1492620541,141.4100,141.5001,141.4100,141.4650,66900
1492620899,141.4950,141.5057,141.4000,141.4100,95700
1492621140,141.4600,141.5200,141.4400,141.4900,79900
1492621499,141.3200,141.4900,141.3200,141.4700,148100
1492621742,141.2200,141.3400,141.1600,141.3200,256700
1492622040,141.1700,141.2700,141.1100,141.2100,212500
1492622341,141.1550,141.2500,141.1000,141.1700,170000
1492622640,141.2400,141.2500,141.1400,141.1500,192800
1492622998,141.2091,141.2701,141.1958,141.2401,74200
1492623240,141.1750,141.2150,141.1500,141.2001,110000
1492623545,141.1200,141.1900,141.1200,141.1757,73800
1492623840,141.0593,141.1300,141.0200,141.1200,199500
1492624141,141.1050,141.1200,141.0200,141.0500,117200
1492624440,141.1343,141.1400,141.1000,141.1050,66300
1492624799,141.0200,141.1400,141.0100,141.1373,159800
1492625043,141.0452,141.0900,141.0200,141.0200,137500
1492625341,141.0050,141.0600,140.9600,141.0400,211000
1492625642,140.8500,141.0150,140.8200,141.0050,259600
1492625998,140.7400,140.8500,140.6800,140.8500,315300
1492626242,140.7500,140.8200,140.6800,140.7499,147600
1492626540,140.9200,140.9700,140.7500,140.7500,197200
1492626840,140.9200,140.9900,140.8650,140.9150,144100
1492627140,140.9450,141.0000,140.8900,140.9138,136800
1492627498,140.8900,140.9600,140.8500,140.9500,91300
1492627742,140.8200,140.8900,140.7650,140.8900,166800
1492628040,140.7300,140.8165,140.6800,140.8100,181100
1492628340,140.7200,140.7500,140.6600,140.7300,151600
1492628643,140.7100,140.7400,140.6200,140.7100,155900
1492628942,140.8100,140.8200,140.7100,140.7150,174400
1492629240,140.7400,140.8400,140.7300,140.8010,164000
1492629540,140.7900,140.8200,140.7100,140.7300,162100
1492629840,140.7200,140.8050,140.6700,140.7900,162100
1492630140,140.5500,140.7300,140.5400,140.7200,235000
1492630441,140.5500,140.6100,140.4700,140.5646,301600
1492630740,140.6000,140.6900,140.5500,140.5587,245300
1492631045,140.5700,140.6300,140.5100,140.5900,295400
1492631399,140.4900,140.6000,140.4800,140.5600,326800
1492631640,140.5950,140.5950,140.4500,140.4900,416800
1492631940,140.6800,140.7700,140.5800,140.5800,886500
1492632000,140.6800,140.6800,140.6800,140.6800,901500
1492695240,141.6200,141.6400,141.2200,141.3200,0
1492695541,141.6648,141.7750,141.6100,141.6200,585900
1492695899,141.6544,141.7100,141.4950,141.6700,594500
1492696199,141.5520,141.7399,141.5307,141.6550,408000
1492696442,141.6500,141.8000,141.5450,141.5500,336400
1492696742,141.6207,141.6500,141.5400,141.6500,315000
1492697040,141.7200,141.7800,141.6243,141.6273,353200
1492697399,141.8195,141.8501,141.6400,141.7300,246900
1492697642,141.8000,141.9000,141.7600,141.8200,409200
1492697942,141.7100,141.8400,141.6800,141.8000,207500
1492698240,141.6500,141.7625,141.6400,141.7100,227100
1492698540,141.7800,141.7800,141.6358,141.6500,182800
1492698899,141.5943,141.8100,141.5943,141.7850,274500
1492699140,141.7042,141.7300,141.5500,141.6000,251700
1492699444,141.6500,141.7057,141.6300,141.7000,115600
1492699740,141.7593,141.7600,141.6600,141.6600,174800
1492700040,141.7900,141.8500,141.7510,141.7650,224200
1492700399,141.8100,141.8801,141.7700,141.7800,188400
1492700641,141.8034,141.8350,141.7900,141.8200,140700
1492700999,141.8500,141.8550,141.7800,141.8200,193400
1492701241,141.8068,141.9300,141.7850,141.8700,228000
1492701542,141.8500,141.8500,141.7200,141.8100,142100
1492701840,141.9441,141.9500,141.8400,141.8600,260000
1492702199,141.9716,142.0000,141.9100,141.9450,231900
1492702499,141.9430,142.0000,141.8900,141.9773,177000
1492702742,141.9600,141.9600,141.8700,141.9352,178000
1492703042,141.9850,142.0000,141.9400,141.9600,157800
1492703399,142.1700,142.2200,141.9700,141.9900,548700
1492703641,142.2500,142.2800,142.1600,142.1800,314800
1492703999,142.3000,142.3000,142.2000,142.2400,211100
1492704241,142.4520,142.4520,142.2800,142.3186,341300
1492704540,142.6250,142.6300,142.4600,142.4600,384200
1492704842,142.6800,142.7100,142.5900,142.6380,307500
1492705199,142.5855,142.7000,142.5400,142.6750,295600
1492705441,142.6300,142.7400,142.5800,142.5850,269100
1492705740,142.6900,142.7100,142.6300,142.6342,189300
1492706040,142.7200,142.7900,142.6900,142.7000,259600
1492706340,142.6967,142.7600,142.6400,142.7150,200200
1492706699,142.7150,142.7900,142.6500,142.7000,220800
1492706942,142.7420,142.7800,142.6800,142.7200,160000
1492707297,142.8500,142.9200,142.7000,142.7500,347800
1492707540,142.7700,142.8533,142.7200,142.8443,257300
1492707840,142.8600,142.9000,142.7800,142.7800,177500
1492708199,142.7300,142.8950,142.6600,142.8600,273700
1492708440,142.7011,142.7350,142.6200,142.7250,171800
1492708799,142.5400,142.7100,142.4700,142.7000,270300
1492709099,142.5599,142.6200,142.5300,142.5393,211300
1492709340,142.6700,142.7100,142.5400,142.5600,189000
1492709640,142.7000,142.7000,142.6100,142.6750,111500
1492709942,142.7913,142.8000,142.6950,142.6950,274700
1492710243,142.8424,142.8600,142.7700,142.7800,196800
1492710543,142.8250,142.8700,142.7700,142.8500,163600
1492710845,142.8266,142.8500,142.7050,142.8350,216800
1492711199,142.8400,142.9000,142.7800,142.8300,181300
1492711499,142.8600,142.8800,142.8000,142.8350,138200
1492711740,142.7500,142.9100,142.7500,142.8505,215600
1492712099,142.7657,142.7900,142.7100,142.7600,163700
1492712399,142.8200,142.8400,142.7300,142.7633,130600
1492712699,142.8018,142.8295,142.6800,142.8200,221600
1492712940,142.6800,142.8150,142.6614,142.8150,192000
1492713299,142.7700,142.7900,142.6300,142.6873,175300
1492713540,142.7250,142.8100,142.7100,142.7700,168300
1492713842,142.6600,142.7600,142.6500,142.7300,123400
1492714140,142.7600,142.7900,142.6500,142.6600,167600
1492714495,142.7600,142.8200,142.7200,142.7650,144200
1492714744,142.7800,142.8400,142.7501,142.7501,177300
1492715041,142.7300,142.7800,142.6599,142.7800,169700
1492715340,142.7400,142.7700,142.7200,142.7264,137700
1492715642,142.7000,142.7700,142.7000,142.7500,194600
1492715940,142.6900,142.7300,142.6700,142.7000,139300
1492716240,142.7000,142.7100,142.6400,142.6900,215500
1492716599,142.7500,142.7700,142.6600,142.7000,237300
1492716840,142.8300,142.8800,142.7301,142.7400,307000
1492717143,142.8200,142.8380,142.7600,142.8300,213300
1492717440,142.8400,142.8600,142.7500,142.8200,344000
1492717740,142.7700,142.8700,142.7400,142.8400,337900
1492718041,142.7600,142.7900,142.6900,142.7200,589400
1492718340,142.4500,142.8500,142.3900,142.7600,3236600
1492718400,142.4500,142.4500,142.4500,142.4500,100
1492781640,142.2599,142.5200,142.2000,142.5086,0
1492781940,142.4900,142.5500,142.1800,142.2200,405200
1492782241,142.5500,142.6420,142.4400,142.4800,440500
1492782599,142.5000,142.6800,142.4700,142.5366,419100
1492782840,142.1500,142.5500,142.1100,142.5100,414900
1492783199,142.1599,142.3491,142.1400,142.1512,338900
1492783497,142.2100,142.3400,142.1600,142.1600,233700
1492783740,142.3900,142.4200,142.2100,142.2100,241000
1492784099,142.2000,142.4000,142.1600,142.3900,188500
1492784399,142.4300,142.5000,142.1800,142.1900,198900
1492784640,142.5000,142.5100,142.4000,142.4300,0
1492784943,142.3760,142.5000,142.3000,142.5000,172500
1492785240,142.4700,142.4900,142.3600,142.3784,163500
1492785540,142.3350,142.4700,142.2800,142.4650,165500
1492785848,142.4200,142.4800,142.3300,142.3300,152700
1492786199,142.3550,142.4900,142.3400,142.4200,111400
1492786440,142.3900,142.4300,142.3400,142.3505,111500
1492786740,142.3600,142.3953,142.2700,142.3800,143900
1492787098,142.2900,142.3500,142.2200,142.3500,209800
1492787342,142.2100,142.2999,142.2000,142.2854,128700
1492787642,142.1800,142.2490,142.1200,142.2000,168600
1492787940,142.3800,142.3900,142.1700,142.1850,249800
1492788242,142.4400,142.4450,142.3700,142.3750,90900
1492788599,142.4050,142.5300,142.3800,142.4300,514500
1492788899,142.5313,142.5524,142.3900,142.4100,199300
1492789143,142.5099,142.5400,142.4500,142.5400,122000
1492789499,142.5550,142.5800,142.4900,142.5090,96300
1492789740,142.5073,142.5850,142.5000,142.5507,111200
1492790048,142.4500,142.5322,142.4400,142.5000,109700
1492790344,142.4300,142.4900,142.4100,142.4500,109800
1492790699,142.4050,142.4500,142.4000,142.4400,65900
1492790941,142.3850,142.4100,142.3600,142.4052,131000
1492791243,142.2650,142.4300,142.2600,142.3850,187300
1492791542,142.3200,142.3300,142.1891,142.2600,105200
1492791840,142.3200,142.3700,142.2950,142.3200,76500
1492792141,142.2900,142.3400,142.2800,142.3100,80200
1492792444,142.3463,142.3700,142.2342,142.2800,90100
1492792794,142.3600,142.4300,142.3300,142.3500,137400
1492793040,142.3950,142.4300,142.3350,142.3500,76900
1492793344,142.3800,142.4000,142.2939,142.3900,97400
1492793642,142.4047,142.4400,142.3700,142.3700,78000
1492793941,142.3600,142.4200,142.3600,142.4050,68800
1492794240,142.3850,142.4300,142.3600,142.3647,68200
1492794599,142.3750,142.4000,142.3300,142.3900,129100
1492794899,142.1200,142.3900,142.0500,142.3850,466600
1492795199,142.0800,142.1600,142.0800,142.1152,159300
1492795442,142.1933,142.2100,142.0800,142.0862,104100
1492795741,142.2200,142.2400,142.1600,142.1900,0
1492796041,142.1600,142.2250,142.1524,142.2201,64100
1492796396,142.0800,142.1693,142.0500,142.1600,89300
1492796642,142.1150,142.1243,142.0445,142.0700,101400
1492796940,142.0500,142.1400,142.0200,142.1137,122600
1492797255,142.0500,142.0700,142.0200,142.0400,76100
1492797540,142.1206,142.1700,142.0450,142.0450,261000
1492797840,142.0900,142.1500,142.0600,142.1200,133200
1492798199,142.0450,142.1052,142.0200,142.0999,89400
1492798497,142.0500,142.1100,142.0200,142.0450,126400
1492798740,141.9699,142.0700,141.9300,142.0600,234300
1492799044,142.0500,142.0700,141.9400,141.9700,143800
1492799399,142.0800,142.1099,142.0400,142.0600,134000
1492799699,142.0611,142.0800,141.9800,142.0800,113700
1492799941,142.0920,142.1000,142.0300,142.0600,67800
1492800240,142.0450,142.1100,142.0300,142.1000,59000
1492800541,141.9600,142.0453,141.9400,142.0400,135700
1492800842,142.0293,142.0293,141.9100,141.9600,0
1492801141,142.0250,142.0457,141.9500,142.0200,130100
1492801440,141.9650,142.0550,141.9500,142.0250,90500
1492801799,141.9700,141.9900,141.8800,141.9650,157900
1492802098,141.9600,141.9700,141.8500,141.9700,170000
1492802342,141.9300,141.9947,141.9038,141.9500,152200
1492802640,141.9100,141.9691,141.9000,141.9220,95300
1492802941,141.9900,142.0300,141.8810,141.9168,155200
1492803298,141.9600,142.0000,141.9350,141.9999,121600
1492803540,142.0300,142.0700,141.9400,141.9600,229400
1492803898,142.1200,142.1500,142.0000,142.0300,312900
1492804141,142.1915,142.2100,142.0900,142.1100,236900
1492804441,142.1800,142.2300,142.1300,142.1900,293800
1492804740,142.2700,142.3300,142.1200,142.1750,963100
1492804800,142.2700,142.2700,142.2700,142.2700,1220800
1493040899,143.2766,143.6000,143.2500,143.5100,0
1493041140,143.5299,143.5600,143.2100,143.2700,587500
1493041499,143.6684,143.7400,143.5300,143.5300,481400
1493041740,143.9300,143.9352,143.5200,143.7000,611300
1493042040,143.7900,143.9500,143.7600,143.9500,409700
1493042341,143.8500,143.9200,143.7600,143.8200,345300
1493042699,143.7847,143.9300,143.7700,143.8500,386600
1493042999,143.6957,143.8350,143.6600,143.7800,295200
1493043240,143.6700,143.7200,143.5900,143.6950,288600
1493043543,143.7500,143.8000,143.6300,143.6700,193500
1493043842,143.7669,143.8500,143.7500,143.7500,165100
1493044141,143.8100,143.8700,143.7200,143.7600,254100
1493044445,143.5600,143.8300,143.5538,143.8100,223000
1493044744,143.5750,143.6550,143.5350,143.5600,140200
1493045040,143.5600,143.6000,143.5400,143.5600,135700
1493045399,143.5650,143.6000,143.5100,143.5600,146000
1493045699,143.6400,143.6800,143.5600,143.5700,163600
1493045942,143.5800,143.6800,143.5800,143.6400,96500
1493046242,143.5437,143.6100,143.5300,143.5900,232600
1493046542,143.6200,143.6447,143.5435,143.5500,144800
1493046841,143.5735,143.6700,143.5500,143.6250,146300
1493047199,143.5100,143.5800,143.4400,143.5700,252500
1493047499,143.5000,143.5700,143.4700,143.5100,116800
1493047797,143.5000,143.5200,143.4300,143.5000,137800
1493048099,143.4975,143.5265,143.4300,143.5000,140600
1493048399,143.5639,143.5700,143.4550,143.5000,145800
1493048699,143.5500,143.5742,143.4850,143.5700,121400
1493048944,143.6600,143.6600,143.5400,143.5450,124000
1493049240,143.5860,143.6900,143.5800,143.6550,145100
1493049540,143.6000,143.6700,143.5550,143.5800,114300
1493049840,143.7101,143.7300,143.6100,143.6100,128400
1493050140,143.7400,143.7500,143.6538,143.7200,121800
1493050497,143.7684,143.8200,143.7300,143.7400,137900
1493050742,143.7762,143.8000,143.7500,143.7699,117800
1493051098,143.7435,143.8100,143.7200,143.7800,130900
1493051342,143.7142,143.7500,143.6900,143.7500,87600
1493051699,143.7414,143.7500,143.7050,143.7148,109000
1493051946,143.7700,143.8100,143.7300,143.7400,84100
1493052243,143.7770,143.8250,143.7500,143.7775,78000
1493052540,143.7400,143.7700,143.7000,143.7700,60100
1493052899,143.7900,143.7950,143.7387,143.7387,78500
1493053141,143.7752,143.7900,143.7200,143.7900,98700
1493053498,143.7241,143.8100,143.7200,143.7800,176200
1493053797,143.7700,143.8000,143.7150,143.7300,107800
1493054099,143.7700,143.8100,143.7300,143.7690,155200
1493054398,143.7750,143.7900,143.7300,143.7700,106900
1493054699,143.7950,143.8200,143.7600,143.7750,109900
1493054947,143.7784,143.8100,143.7400,143.7947,85300
1493055253,143.7800,143.8000,143.7700,143.7900,73400
1493055542,143.7900,143.8100,143.7600,143.7800,91000
1493055840,143.8000,143.8300,143.7700,143.7890,86800
1493056195,143.8100,143.8300,143.7800,143.8000,90700
1493056444,143.8100,143.8200,143.7700,143.8100,77200
1493056742,143.8300,143.8400,143.8000,143.8200,132000
1493057042,143.7200,143.8400,143.7000,143.8210,0
1493057345,143.7300,143.7500,143.6600,143.7184,125900
1493057698,143.7600,143.7700,143.7000,143.7500,100900
1493057941,143.8200,143.8900,143.7500,143.7600,249500
1493058241,143.8300,143.8600,143.8100,143.8200,178200
1493058599,143.8200,143.8500,143.7800,143.8245,88100
1493058840,143.8566,143.8600,143.8100,143.8200,104600
1493059141,143.8000,143.8600,143.7600,143.8600,137200
1493059440,143.7953,143.8200,143.7800,143.8000,93400
1493059740,143.7600,143.8300,143.7450,143.8000,99900
1493060040,143.7600,143.8100,143.7500,143.7500,91100
1493060399,143.8000,143.8000,143.7200,143.7654,106600
1493060640,143.8400,143.8500,143.7800,143.7966,128100
1493060999,143.7739,143.8700,143.7650,143.8300,265100
1493061240,143.8100,143.8200,143.7400,143.7700,162300
1493061540,143.7700,143.8100,143.7600,143.8000,108200
1493061840,143.7000,143.8000,143.6847,143.7601,285800
1493062140,143.6850,143.7400,143.6700,143.6900,188600
1493062440,143.7054,143.8000,143.6815,143.6900,213500
1493062742,143.7500,143.8000,143.7001,143.7100,180500
1493063040,143.7750,143.8100,143.7200,143.7600,213500
1493063341,143.7000,143.7800,143.6900,143.7750,194000
1493063699,143.5800,143.7200,143.5750,143.7200,375500
1493063940,143.6000,143.7000,143.5500,143.5900,792900
1493064000,143.6400,143.6400,143.6400,143.6400,1429700
1493127240,144.2199,144.3000,143.9800,143.9800,0
1493127599,144.2000,144.2550,144.1510,144.2200,410700
1493127840,144.1962,144.2600,144.1300,144.2000,373300
1493128199,144.4100,144.4600,144.1900,144.2100,426100
1493128444,144.2600,144.4500,144.2300,144.4253,335800
1493128740,144.1600,144.2700,144.1000,144.2600,326300
1493129099,144.2785,144.3400,144.1500,144.1600,364900
1493129342,144.3800,144.3800,144.2800,144.2800,247800
1493129699,144.1900,144.3900,144.1100,144.3836,377700
1493129940,144.2300,144.2800,144.1000,144.1900,209000
1493130243,144.2100,144.2800,144.1400,144.2390,181200
1493130540,144.2500,144.2701,144.2000,144.2000,164800
1493130840,144.3050,144.3500,144.2300,144.2500,205300
1493131140,144.4100,144.4353,144.2300,144.3100,191800
1493131499,144.4000,144.4300,144.3200,144.4161,200600
1493131741,144.4000,144.4100,144.3400,144.4000,0
1493132099,144.3743,144.4300,144.3201,144.3900,36500
1493132341,144.4000,144.4600,144.3800,144.3800,169000
1493132640,144.4500,144.4700,144.3610,144.3900,144000
1493132940,144.5400,144.5700,144.4445,144.4500,326000
1493133240,144.6500,144.6500,144.5300,144.5450,203000
1493133540,144.6850,144.7000,144.6100,144.6408,281700
1493133840,144.6300,144.6860,144.6100,144.6740,141800
1493134198,144.4758,144.6500,144.4700,144.6283,192800
1493134441,144.5900,144.5953,144.4305,144.4800,0
1493134742,144.6637,144.6900,144.5800,144.5900,196600
1493135042,144.6100,144.6650,144.5700,144.6600,150200
1493135340,144.6500,144.6900,144.6100,144.6200,125300
1493135698,144.6500,144.7000,144.6200,144.6550,105600
1493135942,144.5700,144.6900,144.5500,144.6600,147300
1493136240,144.6500,144.6700,144.5600,144.5697,87700
1493136545,144.6300,144.6898,144.6100,144.6600,85300
1493136841,144.6400,144.6863,144.5800,144.6300,106400
1493137197,144.6600,144.6850,144.6300,144.6550,106600
1493137498,144.6401,144.6750,144.5800,144.6750,120200
1493137752,144.6153,144.6500,144.5700,144.6450,127600
1493138040,144.5300,144.6150,144.5300,144.6100,127100
1493138346,144.5600,144.5900,144.4900,144.5300,148200
1493138645,144.4700,144.5650,144.4500,144.5650,114000
1493138940,144.4600,144.5200,144.4500,144.4700,115400
1493139244,144.5000,144.5399,144.4400,144.4600,97400
1493139541,144.4444,144.5100,144.4400,144.5000,63700
1493139899,144.4800,144.4900,144.4300,144.4457,152300
1493140198,144.5500,144.5500,144.4559,144.4700,133100
1493140448,144.6143,144.6300,144.5300,144.5445,140400
1493140740,144.6550,144.6700,144.5900,144.6200,139500
1493141040,144.6200,144.6600,144.6000,144.6500,70800
1493141340,144.6237,144.6600,144.6100,144.6163,106000
1493141698,144.6350,144.6400,144.5800,144.6300,143000
1493141941,144.6500,144.6500,144.6100,144.6300,109400
1493142242,144.7200,144.7500,144.6400,144.6500,238800
1493142542,144.7050,144.7500,144.6980,144.7150,90300
1493142844,144.7135,144.7400,144.7000,144.7100,109600
1493143199,144.7150,144.7250,144.6800,144.7100,0
1493143440,144.7500,144.7500,144.6799,144.7150,126100
1493143740,144.7900,144.8000,144.7300,144.7400,256100
1493144043,144.7763,144.8200,144.7544,144.7900,144100
1493144340,144.7900,144.8100,144.7600,144.7700,160100
1493144640,144.7450,144.7999,144.7300,144.7999,118900
1493144999,144.7250,144.7700,144.7100,144.7414,100800
1493145242,144.7850,144.7900,144.6900,144.7300,164400
1493145540,144.7799,144.8000,144.7650,144.7800,124200
1493145841,144.7600,144.7800,144.7300,144.7700,85900
1493146141,144.7100,144.7600,144.6800,144.7500,0
1493146440,144.6799,144.7250,144.6308,144.7000,165300
1493146799,144.6371,144.7000,144.6300,144.6700,154200
1493147099,144.7100,144.7300,144.6301,144.6400,196400
1493147341,144.8400,144.8500,144.7001,144.7100,285100
1493147699,144.8300,144.8500,144.7800,144.8343,139300
1493147940,144.8562,144.8700,144.7900,144.8357,208000
1493148242,144.8800,144.9000,144.8216,144.8600,244100
1493148599,144.7950,144.8850,144.7900,144.8800,206200
1493148899,144.7900,144.8200,144.7100,144.7950,301300
1493149199,144.7300,144.7900,144.6950,144.7850,190600
1493149442,144.7700,144.8300,144.7300,144.7400,234700
1493149741,144.7550,144.8000,144.7000,144.7600,354100
1493150097,144.5869,144.7250,144.5500,144.7100,549500
1493150340,144.5500,144.6250,144.5300,144.5900,722200
1493150400,144.5400,144.5400,144.5400,144.5400,100
1493213640,144.4000,144.5100,144.0600,144.2800,0
1493213999,144.4838,144.5400,144.3500,144.4100,428300
1493214243,144.4300,144.6000,144.4000,144.4832,490600
1493214599,144.4900,144.5300,144.4100,144.4200,341700
1493214843,144.4100,144.5000,144.3500,144.5000,275000
1493215199,144.4000,144.4500,144.3200,144.4300,228000
1493215443,144.2700,144.4100,144.2600,144.4100,274600
1493215797,144.1750,144.2900,144.1200,144.2799,346000
1493216042,144.1700,144.2500,144.0900,144.1800,325000
1493216340,143.9702,144.1900,143.8100,144.1649,511300
1493216641,143.9400,144.0000,143.9000,143.9883,266500
1493216999,143.9900,144.0000,143.9160,143.9400,222300
1493217240,143.9500,144.0000,143.8900,143.9900,241900
1493217541,144.0600,144.0725,143.9201,143.9500,294900
1493217846,143.9500,144.0600,143.9200,144.0600,189100
1493218140,144.0200,144.0200,143.9500,143.9600,221700
1493218440,144.0950,144.1800,143.9600,144.0300,353700
1493218797,144.1032,144.1400,144.0500,144.1000,277900
1493219041,144.1200,144.1600,144.0900,144.1000,125200
1493219344,143.9900,144.1500,143.9800,144.1100,163000
1493219643,143.8740,144.0295,143.8700,144.0050,180800
1493219940,143.9500,143.9700,143.8500,143.8650,143700
1493220299,144.1400,144.1400,143.9295,143.9600,183800
1493220542,144.1699,144.2100,144.1000,144.1350,227100
1493220840,144.2000,144.2400,144.1600,144.1650,182600
1493221141,144.2634,144.2900,144.1900,144.1900,190200
1493221440,144.1000,144.3100,144.0600,144.2650,197400
1493221740,143.9700,144.1400,143.9311,144.0942,198500
1493222041,144.0800,144.1750,143.9500,143.9500,173400
1493222340,144.0400,144.0832,143.9500,144.0800,179900
1493222640,144.1200,144.1700,143.9650,144.0300,112900
1493222941,144.1000,144.1500,144.0600,144.1300,74700
1493223243,144.2100,144.2600,144.0900,144.1000,105800
1493223540,144.2500,144.2800,144.1600,144.2100,113400
1493223841,144.1750,144.2600,144.1500,144.2500,78600
1493224140,144.0959,144.1900,144.0900,144.1800,71800
1493224442,144.1300,144.1300,144.0300,144.1000,79400
1493224741,144.1050,144.1401,144.0550,144.1200,74600
1493225040,144.0300,144.1500,144.0300,144.1100,97900
1493225342,143.9700,144.1800,143.9300,144.0600,136400
1493225699,144.0900,144.0900,143.9600,143.9600,127800
1493225999,144.1200,144.1700,144.0638,144.0900,112400
1493226299,144.0443,144.1315,144.0400,144.1253,80500
1493226541,144.0700,144.1200,144.0300,144.0471,89100
1493226842,144.0953,144.1000,144.0000,144.0700,93500
1493227140,144.0800,144.1400,144.0300,144.1000,113100
1493227441,144.1400,144.1600,144.0700,144.0900,124800
1493227741,144.1407,144.1950,144.1000,144.1150,130200
1493228041,144.1800,144.1800,144.0600,144.1450,115600
1493228343,144.2959,144.3400,144.1600,144.1800,191500
1493228640,144.4900,144.5593,144.2300,144.2900,501500
1493228940,144.1700,144.6000,144.0000,144.4600,656900
1493229240,144.2200,144.3200,144.1164,144.1800,247200
1493229597,144.0799,144.2400,144.0700,144.2000,145800
1493229899,144.1300,144.2000,144.0000,144.0800,201100
1493230199,144.1850,144.2100,144.0600,144.1100,156500
1493230442,144.2700,144.2800,144.1600,144.1900,117900
1493230740,144.0400,144.3400,144.0300,144.2700,295200
1493231041,144.1374,144.2000,144.0200,144.0300,131800
1493231398,144.0300,144.1600,144.0000,144.1300,251900
1493231644,144.1150,144.1600,144.0000,144.0300,173100
1493231941,144.0950,144.1200,144.0700,144.1000,67100
1493232298,144.0700,144.1100,144.0200,144.0900,136400
1493232540,144.0200,144.0760,143.9800,144.0700,182900
1493232840,143.9735,144.0600,143.9735,144.0200,0
1493233199,143.9200,144.0200,143.9138,143.9700,169600
1493233499,144.0400,144.0600,143.8900,143.9150,198800
1493233798,144.0900,144.1000,144.0000,144.0400,184100
1493234042,144.0800,144.1050,144.0200,144.0802,151800
1493234399,144.0000,144.1000,143.9800,144.0850,227500
1493234699,143.9700,144.0600,143.9500,144.0100,177500
1493234940,143.9600,144.0300,143.9100,143.9800,157000
1493235240,143.7500,143.9650,143.7000,143.9500,438500
1493235540,143.5300,143.7867,143.5200,143.7588,375800
1493235897,143.7300,143.7850,143.5100,143.5600,374900
1493236140,143.5800,143.7000,143.5610,143.6900,376600
1493236441,143.4100,143.6500,143.3762,143.6300,540500
1493236797,143.6820,143.7700,143.4200,143.4200,915800
1493236800,143.6200,143.6200,143.6200,143.6200,61700
1493300041,143.9800,144.1400,143.8900,143.8900,0
1493300343,143.6900,144.0900,143.6900,144.0000,383000
1493300641,143.8500,143.8800,143.6200,143.6900,337600
1493300998,143.7100,143.9100,143.5700,143.8400,349100
1493301299,143.4400,143.7300,143.4400,143.7092,323000
1493301542,143.5900,143.6400,143.4588,143.4600,266300
1493301840,143.6500,143.7000,143.5500,143.5865,201500
1493302145,143.5946,143.7500,143.5300,143.6500,217400
1493302443,143.6000,143.6800,143.5600,143.6000,211800
1493302798,143.6156,143.6600,143.5865,143.6000,153500
1493303045,143.5200,143.6463,143.5000,143.6144,149500
1493303340,143.3400,143.5300,143.3100,143.5200,237500
1493303698,143.5600,143.5700,143.3350,143.3362,171700
1493303940,143.5900,143.6200,143.5300,143.5600,138800
1493304299,143.4690,143.6000,143.4425,143.5900,133100
1493304540,143.3600,143.5150,143.3200,143.4600,182100
1493304899,143.4370,143.4547,143.3700,143.3800,185400
1493305141,143.3800,143.4600,143.3100,143.4400,151500
1493305498,143.5099,143.5300,143.3600,143.3600,166200
1493305741,143.3928,143.5200,143.3700,143.5092,175700
1493306040,143.5598,143.5707,143.3800,143.3900,157500
1493306342,143.5000,143.5556,143.4824,143.5556,133800
1493306640,143.4900,143.5100,143.4700,143.5000,129200
1493306942,143.4200,143.5200,143.4000,143.4956,135200
1493307241,143.5500,143.5500,143.4200,143.4200,137000
1493307544,143.4600,143.5500,143.4600,143.5300,67600
1493307840,143.5964,143.5964,143.4397,143.4600,103700
1493308199,143.5150,143.6200,143.5000,143.6000,130700
1493308441,143.6199,143.6210,143.4800,143.5100,157200
1493308741,143.6300,143.6400,143.5700,143.6100,92300
1493309098,143.6100,143.6699,143.5600,143.6300,102200
1493309340,143.6500,143.6600,143.5800,143.6100,87500
1493309642,143.6600,143.6916,143.6300,143.6550,98800
1493309941,143.6400,143.6700,143.6200,143.6700,57200
1493310241,143.6700,143.6800,143.6000,143.6400,82200
1493310599,143.6650,143.6800,143.6300,143.6600,73900
1493310842,143.6100,143.6800,143.6050,143.6700,85700
1493311145,143.6546,143.6548,143.5864,143.6100,102000
1493311440,143.6900,143.7500,143.6501,143.6600,98500
1493311740,143.7500,143.7644,143.6900,143.7000,89600
1493312099,143.8200,143.8400,143.7410,143.7544,113000
1493312340,143.8800,143.8900,143.8010,143.8200,116300
1493312641,143.8520,143.9000,143.8300,143.8873,105400
1493312941,143.8500,143.8800,143.8210,143.8600,53900
1493313295,143.8201,143.8700,143.8110,143.8590,82400
1493313551,143.7700,143.8400,143.7401,143.8200,73100
1493313899,143.7908,143.8600,143.7600,143.7750,117000
1493314141,143.8000,143.8450,143.7800,143.7900,59600
1493314499,143.7300,143.8300,143.7200,143.8000,74200
1493314799,143.7500,143.7700,143.7200,143.7200,44700
1493315041,143.7450,143.7950,143.7400,143.7600,57000
1493315342,143.7500,143.7901,143.7400,143.7450,58500
1493315643,143.7500,143.7700,143.7400,143.7500,54100
1493315943,143.8200,143.8200,143.7500,143.7528,57100
1493316244,143.7956,143.8200,143.7800,143.8100,50700
1493316541,143.7800,143.8000,143.7585,143.7950,85900
1493316840,143.7553,143.8100,143.7400,143.7900,122700
1493317144,143.7900,143.7925,143.7500,143.7550,75900
1493317441,143.6700,143.8000,143.6600,143.7947,98200
1493317740,143.6658,143.7100,143.6000,143.6800,124600
1493318040,143.7999,143.8000,143.6500,143.6600,109000
1493318341,143.7900,143.8100,143.7600,143.7900,62600
1493318641,143.8000,143.8000,143.7400,143.7976,56900
1493318940,143.7700,143.8047,143.7600,143.7900,81100
1493319243,143.7143,143.7900,143.6900,143.7700,83300
1493319549,143.7700,143.7750,143.7150,143.7200,63200
1493319840,143.6900,143.7700,143.6500,143.7700,151900
1493320199,143.5864,143.7400,143.5100,143.6999,196700
1493320499,143.7000,143.7200,143.5700,143.5900,114100
1493320741,143.6720,143.7300,143.6720,143.6900,90100
1493321041,143.7500,143.7600,143.6500,143.6700,94500
1493321340,143.8053,143.8100,143.7099,143.7499,118600
1493321699,143.7700,143.8900,143.7700,143.8000,234500
1493321942,143.7500,143.8150,143.6900,143.7820,201000
1493322299,143.8200,143.8550,143.7400,143.7400,170500
1493322540,143.7400,143.8800,143.7200,143.8200,228700
1493322840,143.6900,143.7250,143.6100,143.7100,472900
1493323140,143.7700,143.8400,143.4900,143.6800,2679400
1493323200,143.7600,143.7600,143.7600,143.7600,100
1493386499,143.8100,143.9600,143.5500,143.9400,0
1493386742,143.6000,143.8200,143.5350,143.8100,357900
1493387040,143.5248,143.7500,143.4600,143.5700,413800
1493387342,143.2800,143.6500,143.2700,143.5400,346100
1493387640,143.3700,143.5180,143.2700,143.2800,352100
1493387940,143.3500,143.4100,143.3000,143.3701,242200
1493388241,143.5100,143.5600,143.3370,143.3500,234800
1493388540,143.3900,143.5700,143.3900,143.4800,286100
1493388840,143.5100,143.5300,143.3800,143.3900,287400
1493389143,143.5700,143.6484,143.4500,143.5200,169500
1493389499,143.6400,143.7200,143.5100,143.5601,174400
1493389740,143.6600,143.6900,143.6000,143.6400,133500
1493390099,143.6000,143.6800,143.5400,143.6554,124800
1493390340,143.6766,143.7300,143.5900,143.5978,113500
1493390643,143.6800,143.6900,143.6232,143.6700,128100
1493390940,143.5350,143.6800,143.5100,143.6800,145900
1493391299,143.6600,143.7000,143.5100,143.5300,111800
1493391599,143.8100,143.8350,143.6500,143.6600,315700
1493391840,143.8900,143.8900,143.7700,143.8200,153000
1493392140,143.7900,143.8900,143.7500,143.8900,161000
1493392440,143.7093,143.8158,143.6700,143.8000,168500
1493392796,143.8601,143.8700,143.6500,143.7100,162200
1493393040,143.6800,143.8900,143.6600,143.8644,178600
1493393399,143.6950,143.7201,143.6600,143.6853,129100
1493393641,143.7000,143.7356,143.6100,143.6950,107100
1493393944,143.8046,143.8046,143.6900,143.7000,1111500
1493394297,143.8305,143.9100,143.7900,143.8000,143000
1493394544,143.9300,143.9300,143.8230,143.8230,155400
1493394845,143.9600,143.9600,143.8700,143.9400,150900
1493395143,143.9500,143.9800,143.9200,143.9600,122900
1493395441,144.1160,144.1200,143.9455,143.9455,0
1493395799,144.1600,144.1700,144.0927,144.1195,183200
1493396040,144.0700,144.1800,144.0700,144.1550,173300
1493396341,144.1000,144.1400,144.0400,144.0747,269900
1493396640,144.1500,144.1500,144.0800,144.1000,104100
1493396940,144.1000,144.1500,144.1000,144.1500,110600
1493397240,144.1235,144.1360,144.0800,144.1000,95400
1493397598,144.1000,144.1400,144.0900,144.1300,116800
1493397840,144.1400,144.1500,144.0600,144.1000,209600
1493398140,144.2500,144.2500,144.1300,144.1500,286700
1493398499,144.2500,144.3000,144.2300,144.2500,178500
1493398742,144.2700,144.2900,144.2400,144.2500,115100
1493399047,144.2500,144.2900,144.2200,144.2699,114500
1493399342,144.1000,144.2500,144.1000,144.2500,143100
1493399697,144.0900,144.1400,144.0700,144.1000,115700
1493399941,144.0270,144.1300,143.9974,144.0952,192900
1493400240,144.0500,144.0700,143.9900,144.0100,94400
1493400598,144.0200,144.0500,143.9900,144.0400,97600
1493400843,143.9700,144.0300,143.9250,144.0300,140400
1493401143,143.9800,144.0400,143.9500,143.9600,75500
1493401492,143.9550,143.9999,143.9132,143.9800,114900
1493401742,143.9394,143.9700,143.9100,143.9600,80700
1493402047,143.9358,143.9450,143.8800,143.9302,97600
1493402340,143.8900,143.9300,143.8600,143.9300,75300
1493402699,143.7120,143.9100,143.6900,143.8950,241300
1493402940,143.6900,143.7500,143.6550,143.7150,161100
1493403240,143.6300,143.7000,143.5700,143.7000,199900
1493403540,143.6798,143.7150,143.6300,143.6358,257200
1493403843,143.7400,143.7700,143.6500,143.6700,109000
1493404140,143.7500,143.7850,143.7134,143.7487,89900
1493404440,143.8100,143.8100,143.7400,143.7600,132100
1493404742,143.6800,143.8200,143.6700,143.8100,0
1493405099,143.6458,143.7500,143.6400,143.6800,104000
1493405345,143.6600,143.6900,143.6100,143.6467,154700
1493405640,143.5958,143.6600,143.5850,143.6600,113300
1493405940,143.6200,143.6500,143.5900,143.5950,172400
1493406298,143.5801,143.6400,143.5400,143.6101,158600
1493406599,143.6200,143.6400,143.5600,143.5850,211700
1493406840,143.6700,143.6700,143.6000,143.6200,117200
1493407199,143.7600,143.7700,143.6200,143.6600,188600
1493407440,143.6400,143.7600,143.6400,143.7600,277100
1493407740,143.5300,143.6699,143.5300,143.6400,266000
1493408098,143.5250,143.5700,143.5100,143.5300,0
1493408398,143.4600,143.5800,143.4542,143.5221,346900
1493408698,143.4625,143.5300,143.4500,143.4700,444900
1493408999,143.5300,143.5500,143.4500,143.4792,328900
1493409299,143.6801,143.7200,143.5300,143.5300,393900
1493409540,143.6400,143.7500,143.5500,143.6899,19057500
1493409600,143.6500,143.6500,143.6500,143.6500,0
1492436040,141.6300,141.6400,141.2600,141.4600,1550700
1492436399,141.5350,141.7000,141.4684,141.6300,502800
1492436699,141.5000,141.5987,141.4000,141.5500,290500
1492436942,141.5044,141.6100,141.4500,141.4800,244300
1492437240,141.3790,141.5253,141.2481,141.5100,265000
1492437540,141.2299,141.3900,141.1067,141.3700,292200
1492437840,141.3500,141.4000,141.1800,141.2200,301200
1492438140,141.4400,141.4500,141.2900,141.3500,221500
1492438444,141.3225,141.4350,141.2700,141.4350,268400
1492438741,141.4900,141.5500,141.3084,141.3200,342600
1492439099,141.2850,141.5250,141.2700,141.5000,192000
1492439340,141.0500,141.3000,141.0500,141.2900,334600
1492439643,141.1200,141.1700,141.0500,141.0500,329400
1492439940,140.9600,141.1400,140.8700,141.1100,420900
1492440240,141.0400,141.0844,140.9248,140.9600,209400
1492440543,141.1000,141.1600,141.0400,141.0500,177300
1492440899,141.1000,141.2000,141.0800,141.1100,134800
1492441140,141.1200,141.1600,141.0600,141.0950,119900
1492441498,141.0747,141.1400,140.9700,141.1200,144600
1492441798,141.0100,141.1000,140.9400,141.0700,142400
1492442041,141.1600,141.1600,141.0100,141.0100,123400
1492442340,141.3000,141.3300,141.1500,141.1547,0
1492442643,141.2247,141.3547,141.2100,141.3100,157500
1492442941,141.3000,141.3000,141.2200,141.2300,100800
1492443298,141.2400,141.3200,141.2100,141.2941,110400
1492443541,141.2600,141.3000,141.2300,141.2400,74500
1492443842,141.1775,141.2750,141.1775,141.2500,94700
1492444199,141.1500,141.2238,141.0700,141.1800,144200
1492444499,141.1000,141.1600,141.1000,141.1500,87300
1492444743,141.1000,141.1800,141.0650,141.1000,0
1492445040,141.1600,141.2000,141.0900,141.1000,104200
1492445341,141.1801,141.2200,141.1642,141.1642,69600
1492445697,141.2200,141.2200,141.1400,141.1900,70300
1492445940,141.1900,141.2510,141.1900,141.2230,101000
1492446240,141.3437,141.3500,141.1800,141.1990,164000
1492446541,141.2850,141.3598,141.2800,141.3550,121900
1492446898,141.3300,141.3757,141.2850,141.2850,116500
1492447199,141.2662,141.3300,141.2400,141.3200,124800
1492447441,141.3200,141.3300,141.2600,141.2700,78000
1492447741,141.3200,141.3700,141.3000,141.3300,112500
1492448040,141.3700,141.3700,141.2710,141.3200,102100
1492448340,141.3757,141.4100,141.3300,141.3654,106500
1492448643,141.3538,141.4199,141.3500,141.3800,128600
1492448941,141.3642,141.3800,141.3200,141.3530,78100
1492449242,141.3500,141.3980,141.3400,141.3700,101000
1492449551,141.3800,141.4100,141.3500,141.3500,95100
1492449840,141.3600,141.3800,141.3100,141.3700,121200
1492450199,141.4701,141.4900,141.3400,141.3582,200000
1492450442,141.4959,141.5250,141.4700,141.4800,118500
1492450797,141.4700,141.5153,141.4300,141.4900,78600
1492451048,141.4100,141.5000,141.3750,141.4750,98300
1492451345,141.4342,141.4543,141.3900,141.4100,56300
1492451699,141.4000,141.4450,141.4000,141.4400,47100
1492451944,141.4136,141.4700,141.3900,141.4000,88900
1492452243,141.4301,141.4580,141.3350,141.4100,153900
1492452540,141.4200,141.4900,141.3800,141.4339,192500
1492452898,141.4600,141.5100,141.4200,141.4200,126700
1492453143,141.4400,141.5200,141.4100,141.4635,89500
1492453440,141.4700,141.4900,141.4142,141.4300,80400
1492453741,141.4500,141.5000,141.4300,141.4800,69700
1492454052,141.5200,141.5300,141.4440,141.4440,81400
1492454340,141.5000,141.5400,141.4550,141.5284,110100
1492454695,141.5300,141.5400,141.4830,141.5100,76800
1492454942,141.4300,141.5500,141.4200,141.5357,106800
1492455240,141.3963,141.4400,141.3700,141.4243,94900
1492455542,141.3700,141.4500,141.3300,141.4000,123200
1492455844,141.3550,141.4050,141.3200,141.3700,99600
1492456140,141.3600,141.3600,141.3100,141.3500,110300
1492456452,141.4300,141.4500,141.3433,141.3700,102900
1492456799,141.6300,141.6300,141.4300,141.4300,263600
1492457099,141.6250,141.6700,141.5500,141.6200,153200
1492457342,141.6400,141.7200,141.5650,141.6300,243600
1492457652,141.5600,141.6450,141.5500,141.6300,172900
1492457999,141.7002,141.7200,141.5600,141.5700,184100
1492458240,141.7000,141.7400,141.6550,141.7000,222100
1492458540,141.8200,141.8300,141.7000,141.7100,322500
1492458845,141.7950,141.8700,141.7550,141.8200,448100
1492459140,141.8300,141.8600,141.7000,141.7900,1798500
1492459200,141.8000,141.8000,141.8000,141.8000,100
1492522440,141.6300,141.6800,141.2100,141.4000,0
1492522799,141.7200,141.7540,141.5600,141.6000,325000
1492523099,141.6000,141.7800,141.4200,141.7100,357000
1492523342,141.5474,141.6900,141.5000,141.6000,279200
1492523640,141.5900,141.6900,141.4951,141.5430,293000
1492523940,141.9400,141.9699,141.6000,141.6000,336000
1492524299,141.8352,141.9600,141.8084,141.9400,259100
1492524542,141.7700,141.8900,141.7100,141.8500,247000
1492524841,141.8500,141.9000,141.7700,141.7700,163200
1492525140,141.7400,141.8550,141.7100,141.8550,166000
1492525440,141.7152,141.7600,141.6200,141.7300,175000
1492525741,141.7400,141.7900,141.6699,141.7200,133300
1492526044,141.7801,141.7900,141.6400,141.7400,156500
1492526340,141.9605,142.0400,141.7800,141.7900,408200
1492526641,141.9600,141.9900,141.8500,141.9700,144800
1492526942,141.7400,141.9700,141.6800,141.9600,154500
1492527298,141.6100,141.7300,141.5700,141.7300,187000
1492527540,141.6700,141.6965,141.5300,141.6199,186700
1492527840,141.5400,141.6900,141.5000,141.6800,252500
1492528141,141.6500,141.6900,141.5250,141.5300,184100
1492528443,141.7700,141.8300,141.6557,141.6699,167000
1492528795,141.7450,141.8554,141.7200,141.7700,133500
1492529099,141.6850,141.7800,141.6600,141.7450,117100
1492529396,141.6700,141.7600,141.6370,141.6800,81800
1492529698,141.4800,141.7000,141.4800,141.6600,157500
1492529942,141.5007,141.5200,141.3900,141.4892,208600
1492530298,141.4852,141.5500,141.4300,141.4900,115500
1492530540,141.5000,141.5900,141.4400,141.4900,85400
1492530841,141.4800,141.5400,141.4000,141.5000,113200
1492531141,141.3400,141.5200,141.3100,141.4850,0
1492531441,141.3400,141.3900,141.2200,141.3300,231100
1492531797,141.2700,141.3400,141.2500,141.3400,0
1492532040,141.2300,141.2999,141.1500,141.2750,293200
1492532399,141.1600,141.2610,141.1100,141.2300,134000
1492532640,141.2800,141.3000,141.1600,141.1700,118600
1492532999,141.3300,141.3300,141.2600,141.2800,76200
1492533241,141.3200,141.3637,141.2550,141.3400,125100
1492533547,141.3400,141.3700,141.2550,141.3300,121300
1492533840,141.4000,141.4500,141.3284,141.3400,105400
1492534142,141.3600,141.4100,141.3200,141.3957,46800
1492534442,141.4000,141.4600,141.3100,141.3600,122100
1492534743,141.3500,141.4500,141.3199,141.4000,131400
1492535041,141.2686,141.3599,141.2500,141.3599,113600
1492535343,141.2900,141.3300,141.2500,141.2799,64400
1492535642,141.4300,141.4400,141.2600,141.2900,80800
1492535998,141.3000,141.4400,141.3000,141.4400,97600
1492536247,141.3300,141.3600,141.2700,141.3000,96900
1492536599,141.4300,141.4300,141.3259,141.3300,84500
1492536841,141.4800,141.4900,141.3500,141.4300,93300
1492537146,141.4900,141.5500,141.4500,141.4840,128000
1492537441,141.4600,141.5300,141.4538,141.4800,71000
1492537740,141.4987,141.5099,141.4400,141.4600,74500
1492538099,141.3899,141.5100,141.3600,141.5000,122000
1492538343,141.3850,141.4200,141.3400,141.3900,73100
1492538640,141.3950,141.4300,141.3600,141.3800,123600
1492538941,141.4100,141.4550,141.3700,141.4000,112400
1492539240,141.3574,141.4300,141.3400,141.4100,84600
1492539540,141.4500,141.4700,141.3600,141.3659,137200
1492539840,141.4299,141.4900,141.3600,141.4600,153600
1492540144,141.4864,141.5000,141.4200,141.4250,98900
1492540499,141.4791,141.5000,141.4400,141.4800,85800
1492540740,141.4399,141.5610,141.4399,141.4800,146400
1492541041,141.3300,141.4800,141.3200,141.4400,150800
1492541340,141.3800,141.4000,141.3122,141.3300,119400
1492541697,141.3500,141.4100,141.3400,141.3800,70800
1492541999,141.3450,141.3600,141.2500,141.3600,157200
1492542243,141.2000,141.4100,141.1800,141.3500,208600
1492542540,141.2800,141.3300,141.2000,141.2000,109400
1492542840,141.1705,141.2900,141.1250,141.2816,130100
1492543141,141.3400,141.3400,141.1700,141.1800,141300
1492543441,141.3100,141.3640,141.2800,141.3400,126500
1492543740,141.3000,141.3700,141.2650,141.3100,113700
1492544046,141.3100,141.3493,141.2800,141.3200,113100
1492544342,141.3360,141.4000,141.2900,141.3000,191700
1492544642,141.3650,141.4200,141.3100,141.3400,188500
1492544941,141.3300,141.4400,141.3200,141.3600,263000
1492545299,141.2650,141.3800,141.2600,141.3500,247100
1492545541,141.1600,141.4110,141.1300,141.2700,1459500
1492545600,141.2000,141.2000,141.2000,141.2000,200
1492608841,141.6300,141.9400,141.5500,141.9400,0
1492609199,141.7600,141.7600,141.5200,141.6400,352100
1492609446,141.6500,141.7800,141.5900,141.7600,297200
1492609740,141.7000,141.7700,141.6100,141.6450,276300
1492610040,141.7400,141.7650,141.6950,141.6950,253400
1492610342,141.8000,141.9400,141.7445,141.7500,452200
1492610640,141.7500,141.9000,141.7500,141.8000,235700
1492610940,141.7390,141.7700,141.6700,141.7600,174200
1492611299,141.7290,141.8000,141.7100,141.7400,181600
1492611540,141.6765,141.7400,141.6600,141.7233,109800
1492611841,141.7200,141.7400,141.6500,141.6700,219100
1492612140,141.6250,141.7145,141.6000,141.7100,181500
1492612497,141.6256,141.6800,141.5853,141.6400,145100
1492612740,141.6100,141.6400,141.5655,141.6300,243100
1492613099,141.6950,141.7000,141.5600,141.6100,184600
1492613342,141.5800,141.7000,141.5700,141.6999,142400
1492613699,141.6000,141.6000,141.5200,141.5800,181200
1492613942,141.6500,141.7300,141.5700,141.5900,125700
1492614240,141.7540,141.7793,141.6350,141.6500,129100
1492614545,141.7900,141.7900,141.7401,141.7500,126800
1492614898,141.7939,141.8300,141.7250,141.7935,166300
1492615140,141.8253,141.8700,141.8000,141.8000,142400
1492615440,141.8700,141.8765,141.7900,141.8284,158300
1492615743,141.9200,141.9300,141.8100,141.8900,141600
1492616099,141.8100,141.9200,141.8000,141.9200,164800
1492616342,141.8700,141.8800,141.8000,141.8100,85600
1492616640,141.8250,141.8857,141.8100,141.8616,88300
1492616942,141.8000,141.8500,141.7900,141.8300,86400
1492617240,141.7800,141.8400,141.7800,141.8000,135000
1492617540,141.8000,141.8100,141.7600,141.7800,96400
1492617897,141.6700,141.8035,141.6700,141.7900,112400
1492618145,141.5200,141.6800,141.5100,141.6650,188800
1492618440,141.3500,141.5100,141.3400,141.5100,209200
1492618740,141.3400,141.4100,141.3100,141.3500,158700
1492619041,141.3899,141.4400,141.3100,141.3400,150000
1492619340,141.4500,141.4550,141.3900,141.3900,99900
1492619643,141.5050,141.5450,141.4400,141.4500,83300
1492619944,141.4810,141.5300,141.4550,141.5000,65600
1492620240,141.4650,141.5000,141.4400,141.4847,75200
1492620541,141.4100,141.5001,141.4100,141.4650,66900
1492620899,141.4950,141.5057,141.4000,141.4100,95700
1492621140,141.4600,141.5200,141.4400,141.4900,79900
1492621499,141.3200,141.4900,141.3200,141.4700,148100
1492621742,141.2200,141.3400,141.1600,141.3200,256700
1492622040,141.1700,141.2700,141.1100,141.2100,212500
1492622341,141.1550,141.2500,141.1000,141.1700,170000
1492622640,141.2400,141.2500,141.1400,141.1500,192800
1492622998,141.2091,141.2701,141.1958,141.2401,74200
1492623240,141.1750,141.2150,141.1500,141.2001,110000
1492623545,141.1200,141.1900,141.1200,141.1757,73800
1492623840,141.0593,141.1300,141.0200,141.1200,199500
1492624141,141.1050,141.1200,141.0200,141.0500,117200
1492624440,141.1343,141.1400,141.1000,141.1050,66300
1492624799,141.0200,141.1400,141.0100,141.1373,159800
1492625043,141.0452,141.0900,141.0200,141.0200,137500
1492625341,141.0050,141.0600,140.9700,141.0400,211000
1492625642,140.8500,141.0150,140.8200,141.0050,259600
1492625998,140.7400,140.8500,140.6800,140.8500,315300
1492626242,140.7500,140.8200,140.6800,140.7499,147600
1492626540,140.9200,140.9700,140.7500,140.7500,197200
1492626840,140.9200,140.9900,140.8650,140.9150,144100
1492627140,140.9450,141.0000,140.8900,140.9138,136800
1492627498,140.8900,140.9600,140.8500,140.9500,91300
1492627742,140.8200,140.8900,140.7650,140.8900,166800
1492628040,140.7300,140.8165,140.6800,140.8100,181100
1492628340,140.7200,140.7500,140.6600,140.7300,151600
1492628643,140.7100,140.7400,140.6200,140.7100,155900
1492628942,140.8100,140.8200,140.7100,140.7150,174400
1492629240,140.7400,140.8300,140.7300,140.8010,164000
1492629540,140.7900,140.8200,140.7100,140.7300,162100
1492629840,140.7200,140.8050,140.6700,140.7900,162100
1492630140,140.5500,140.7300,140.5400,140.7200,235000
1492630441,140.5500,140.6100,140.4600,140.5646,301600
1492630740,140.6000,140.6900,140.5500,140.5587,245300
1492631040,140.5700,140.6300,140.5100,140.5900,295400
1492631399,140.4900,140.6000,140.4800,140.5600,326800
1492631640,140.5950,140.5950,140.4500,140.4900,417400
1492631940,140.6800,140.7700,140.5850,140.5850,885900
1492632000,140.6800,140.6800,140.6800,140.6800,901500
1492695240,141.6200,141.6400,141.2200,141.3200,0
1492695541,141.6648,141.7750,141.6100,141.6200,585900
1492695899,141.6544,141.7100,141.4950,141.6700,594500
1492696199,141.5520,141.7399,141.5307,141.6550,408000
1492696442,141.6500,141.8000,141.5450,141.5565,336400
1492696742,141.6207,141.6500,141.5400,141.6500,315000
1492697040,141.7200,141.7760,141.6243,141.6273,353200
1492697399,141.8195,141.8501,141.6400,141.7300,246900
1492697642,141.8000,141.9000,141.7600,141.8200,409200
1492697942,141.7100,141.8400,141.6800,141.8000,207500
1492698240,141.6500,141.7625,141.6400,141.7100,227100
1492698540,141.7800,141.7800,141.6358,141.6500,182800
1492698899,141.5943,141.8100,141.5943,141.7850,274500
1492699140,141.7042,141.7300,141.5500,141.6000,251700
1492699444,141.6500,141.7057,141.6300,141.7000,115600
1492699740,141.7593,141.7600,141.6600,141.6600,174800
1492700040,141.7900,141.8500,141.7510,141.7650,224200
1492700399,141.8100,141.8801,141.7700,141.7800,188400
1492700641,141.8100,141.8400,141.7850,141.8200,141900
1492700999,141.8500,141.8550,141.7800,141.8200,192300
1492701241,141.8068,141.9300,141.7850,141.8700,228000
1492701542,141.8500,141.8500,141.7200,141.8100,142100
1492701840,141.9441,141.9500,141.8400,141.8600,260000
1492702199,141.9716,142.0000,141.9100,141.9450,231900
1492702499,141.9430,142.0000,141.8900,141.9773,177000
1492702742,141.9600,141.9600,141.8700,141.9352,178000
1492703042,141.9850,142.0000,141.9400,141.9600,157800
1492703399,142.1700,142.2200,141.9700,141.9900,548700
1492703641,142.2500,142.2800,142.1600,142.1800,314800
1492703941,142.3000,142.3000,142.2000,142.2400,211200
1492704241,142.4520,142.4520,142.2800,142.3100,341200
1492704540,142.6250,142.6300,142.4600,142.4600,384200
1492704842,142.6800,142.7100,142.5900,142.6380,307500
1492705199,142.5855,142.7000,142.5400,142.6750,295600
1492705441,142.6300,142.7300,142.5800,142.5850,269100
1492705740,142.6900,142.7100,142.6300,142.6342,189300
1492706040,142.7200,142.7900,142.6900,142.7000,259600
1492706340,142.6967,142.7600,142.6400,142.7150,200200
1492706699,142.7150,142.7900,142.6500,142.7000,220800
1492706942,142.7420,142.7800,142.6800,142.7200,160000
1492707297,142.8500,142.9200,142.7000,142.7500,347800
1492707540,142.7700,142.8533,142.7200,142.8443,257300
1492707840,142.8600,142.9000,142.7800,142.7800,177500
1492708199,142.7300,142.8950,142.6600,142.8600,273700
1492708440,142.7011,142.7350,142.6200,142.7250,171800
1492708799,142.5400,142.7100,142.4700,142.7000,270300
1492709099,142.5599,142.6200,142.5300,142.5393,211300
1492709340,142.6700,142.7100,142.5400,142.5600,189000
1492709640,142.7000,142.7000,142.6100,142.6750,111500
1492709942,142.7913,142.8000,142.6950,142.6950,274700
1492710243,142.8424,142.8600,142.7700,142.7800,196800
1492710599,142.8250,142.8700,142.7700,142.8500,162500
1492710845,142.8266,142.8500,142.7050,142.8366,217900
1492711199,142.8400,142.9000,142.7800,142.8300,181300
1492711499,142.8600,142.8800,142.8000,142.8350,138200
1492711740,142.7500,142.9100,142.7400,142.8505,215600
1492712099,142.7657,142.7900,142.7100,142.7600,163700
1492712399,142.8200,142.8400,142.7300,142.7633,130600
1492712699,142.8018,142.8295,142.6800,142.8200,221600
1492712940,142.6800,142.8150,142.6614,142.8150,192000
1492713299,142.7700,142.7900,142.6300,142.6873,175300
1492713540,142.7250,142.8100,142.7100,142.7700,168300
1492713842,142.6600,142.7600,142.6500,142.7300,123400
1492714140,142.7600,142.7900,142.6500,142.6600,167600
1492714495,142.7600,142.8200,142.7200,142.7650,144200
1492714744,142.7800,142.8400,142.7501,142.7501,177300
1492715041,142.7300,142.7800,142.6599,142.7800,169700
1492715340,142.7400,142.7700,142.7200,142.7264,137700
1492715642,142.7000,142.7700,142.7000,142.7500,194600
1492715940,142.6900,142.7300,142.6700,142.7000,139300
1492716240,142.7000,142.7100,142.6400,142.6900,215500
1492716599,142.7500,142.7700,142.6600,142.7000,237300
1492716840,142.8300,142.8800,142.7301,142.7400,307000
1492717143,142.8200,142.8380,142.7600,142.8300,213300
1492717440,142.8400,142.8600,142.7500,142.8200,342700
1492717741,142.7700,142.8700,142.7400,142.8400,341300
1492718097,142.7600,142.7900,142.6900,142.7700,584600
1492718399,142.4500,142.8500,142.3900,142.7500,1381000
1492718400,142.4400,142.4400,142.4400,142.4400,1858300
1492781640,142.2599,142.5300,142.2000,142.4600,0
1492781940,142.4900,142.5500,142.2100,142.2700,405200
1492782241,142.5500,142.6420,142.4400,142.4800,440500
1492782599,142.5000,142.6800,142.4700,142.5366,419100
1492782840,142.1500,142.5500,142.1100,142.5100,415000
1492783199,142.1599,142.3491,142.1400,142.1450,338900
1492783497,142.2100,142.3400,142.1600,142.1600,233700
1492783740,142.3900,142.4200,142.2100,142.2100,241000
1492784099,142.2000,142.4000,142.1600,142.3900,188500
1492784399,142.4300,142.5000,142.1800,142.1900,198900
1492784640,142.5000,142.5100,142.4000,142.4300,0
1492784943,142.3760,142.5000,142.3000,142.5000,172500
1492785240,142.4700,142.4900,142.3600,142.3784,163500
1492785540,142.3350,142.4700,142.2800,142.4650,165500
1492785848,142.4200,142.4800,142.3300,142.3300,152700
1492786199,142.3550,142.4900,142.3400,142.4200,111400
1492786440,142.3900,142.4300,142.3400,142.3505,111500
1492786740,142.3600,142.3953,142.2700,142.3800,143900
1492787098,142.2900,142.3500,142.2200,142.3500,209800
1492787342,142.2100,142.2999,142.2000,142.2854,128700
1492787642,142.1800,142.2490,142.1200,142.2000,168600
1492787940,142.3800,142.3900,142.1700,142.1850,249800
1492788242,142.4400,142.4450,142.3700,142.3750,90900
1492788599,142.4050,142.5300,142.3800,142.4300,514500
1492788899,142.5313,142.5524,142.3900,142.4100,199300
1492789143,142.5099,142.5400,142.4500,142.5400,122000
1492789499,142.5550,142.5800,142.4900,142.5090,96300
1492789740,142.5073,142.5850,142.5000,142.5507,111200
1492790048,142.4500,142.5322,142.4400,142.5000,109700
1492790344,142.4300,142.4900,142.4100,142.4500,109800
1492790699,142.4050,142.4500,142.4000,142.4400,65900
1492790941,142.3850,142.4100,142.3600,142.4052,131000
1492791243,142.2650,142.4300,142.2600,142.3850,187300
1492791542,142.3200,142.3300,142.1891,142.2600,105200
1492791840,142.3200,142.3700,142.2950,142.3200,76500
1492792141,142.2900,142.3400,142.2800,142.3100,80200
1492792444,142.3463,142.3700,142.2342,142.2800,90100
1492792794,142.3600,142.4300,142.3300,142.3500,137400
1492793040,142.3950,142.4300,142.3350,142.3500,76900
1492793344,142.3800,142.4000,142.2939,142.3900,97400
1492793642,142.4047,142.4400,142.3700,142.3700,78000
1492793941,142.3600,142.4200,142.3600,142.4050,68800
1492794240,142.3850,142.4300,142.3600,142.3647,68200
1492794599,142.3750,142.4000,142.3300,142.3900,129100
1492794899,142.1200,142.3850,142.0500,142.3850,466600
1492795199,142.0800,142.1600,142.0800,142.1152,159300
1492795442,142.1933,142.2100,142.0800,142.0862,104100
1492795741,142.2200,142.2400,142.1600,142.1900,0
1492796041,142.1600,142.2250,142.1524,142.2201,64100
1492796396,142.0800,142.1693,142.0500,142.1600,89300
1492796642,142.1150,142.1243,142.0445,142.0700,101400
1492796940,142.0500,142.1400,142.0200,142.1137,122600
1492797255,142.0500,142.0700,142.0200,142.0400,76100
1492797540,142.1206,142.1700,142.0450,142.0450,261000
1492797840,142.0900,142.1500,142.0600,142.1200,133200
1492798199,142.0450,142.1052,142.0200,142.0999,89400
1492798497,142.0500,142.1100,142.0200,142.0450,126400
1492798740,141.9699,142.0700,141.9300,142.0600,234300
1492799044,142.0500,142.0700,141.9400,141.9700,143800
1492799399,142.0800,142.1099,142.0400,142.0600,134000
1492799699,142.0611,142.0800,141.9800,142.0800,113700
1492799941,142.0920,142.1000,142.0300,142.0600,67800
1492800240,142.0450,142.1100,142.0300,142.1000,59000
1492800541,141.9600,142.0453,141.9400,142.0400,135700
1492800842,142.0293,142.0293,141.9100,141.9600,0
1492801141,142.0250,142.0457,141.9500,142.0200,130100
1492801440,141.9650,142.0550,141.9500,142.0250,90500
1492801741,141.9700,141.9900,141.8800,141.9650,163800
1492802098,141.9600,141.9600,141.8500,141.9400,164100
1492802342,141.9300,141.9947,141.9038,141.9500,152200
1492802640,141.9100,141.9691,141.9000,141.9220,95300
1492802941,141.9900,142.0300,141.8810,141.9168,155200
1492803298,141.9600,142.0000,141.9350,141.9999,121600
1492803540,142.0300,142.0700,141.9400,141.9600,229400
1492803841,142.1200,142.1600,142.0000,142.0300,320600
1492804141,142.1915,142.2100,142.0900,142.1050,259700
1492804444,142.1800,142.2200,142.1300,142.1700,263300
1492804740,142.2600,142.3300,142.1200,142.1750,15135300
1492804800,142.2700,142.2700,142.2700,142.2700,7300
1493040842,143.2600,143.6000,143.2600,143.5000,0
1493041140,143.5299,143.5600,143.2100,143.2600,554700
1493041499,143.6684,143.7400,143.5650,143.5899,481400
1493041740,143.9300,143.9352,143.5200,143.6827,609700
1493042040,143.7900,143.9500,143.7600,143.9400,411300
1493042341,143.8500,143.9200,143.7650,143.8200,345300
1493042642,143.7847,143.9300,143.7700,143.8500,386900
1493042999,143.6957,143.8350,143.6600,143.7800,294900
1493043240,143.6700,143.7200,143.5910,143.6950,288600
1493043543,143.7500,143.8000,143.6300,143.6700,193500
1493043842,143.7669,143.8500,143.7500,143.7500,165100
1493044141,143.8100,143.8700,143.7200,143.7600,254100
1493044445,143.5600,143.8300,143.5538,143.8100,223000
1493044744,143.5750,143.6550,143.5350,143.5600,140100
1493045040,143.5600,143.6000,143.5400,143.5700,135800
1493045399,143.5650,143.6000,143.5100,143.5600,146000
1493045699,143.6400,143.6800,143.5600,143.5700,163600
1493045942,143.5800,143.6800,143.5800,143.6400,96500
1493046242,143.5437,143.6100,143.5300,143.5900,232600
1493046542,143.6200,143.6447,143.5435,143.5500,144800
1493046841,143.5735,143.6700,143.5500,143.6250,146300
1493047199,143.5100,143.5800,143.4400,143.5700,252500
1493047499,143.5000,143.5700,143.4700,143.5100,116800
1493047797,143.5000,143.5200,143.4300,143.5000,137800
1493048099,143.4975,143.5265,143.4300,143.5000,140600
1493048399,143.5639,143.5700,143.4550,143.5000,145800
1493048699,143.5500,143.5742,143.4850,143.5700,121400
1493048944,143.6600,143.6600,143.5400,143.5450,124000
1493049240,143.5860,143.6900,143.5800,143.6550,145100
1493049540,143.6000,143.6700,143.5550,143.5800,114300
1493049840,143.7101,143.7300,143.6100,143.6100,128400
1493050140,143.7400,143.7500,143.6538,143.7200,121800
1493050497,143.7684,143.8200,143.7300,143.7400,137900
1493050742,143.7762,143.8000,143.7500,143.7600,117800
1493051098,143.7435,143.8100,143.7200,143.7800,130900
1493051342,143.7142,143.7500,143.6900,143.7500,87600
1493051699,143.7414,143.7500,143.7050,143.7148,109000
1493051946,143.7700,143.8000,143.7300,143.7400,84100
1493052243,143.7770,143.8250,143.7500,143.7775,78000
1493052540,143.7400,143.7700,143.7000,143.7700,60100
1493052899,143.7900,143.7950,143.7387,143.7387,78500
1493053141,143.7752,143.7900,143.7200,143.7900,98700
1493053498,143.7241,143.8100,143.7200,143.7800,176200
1493053797,143.7700,143.8000,143.7150,143.7300,107800
1493054099,143.7710,143.8100,143.7300,143.7690,155300
1493054398,143.7750,143.7900,143.7300,143.7700,106800
1493054699,143.7950,143.8200,143.7600,143.7750,109900
1493054947,143.7784,143.8100,143.7400,143.7947,85300
1493055253,143.7800,143.8000,143.7600,143.7900,73400
1493055542,143.7900,143.8100,143.7600,143.7800,91000
1493055840,143.8000,143.8300,143.7700,143.7890,86800
1493056195,143.8100,143.8300,143.7800,143.8000,90700
1493056444,143.8100,143.8200,143.7700,143.8100,77200
1493056742,143.8300,143.8400,143.8000,143.8200,132000
1493057042,143.7200,143.8400,143.7000,143.8210,0
1493057345,143.7300,143.7500,143.6600,143.7184,129200
1493057698,143.7600,143.7700,143.7000,143.7440,97700
1493057940,143.8200,143.8900,143.7500,143.7600,249500
1493058241,143.8300,143.8600,143.8100,143.8200,178200
1493058598,143.8100,143.8500,143.7800,143.8245,84200
1493058840,143.8566,143.8600,143.8100,143.8200,108400
1493059141,143.8000,143.8600,143.7600,143.8600,137200
1493059440,143.7953,143.8200,143.7800,143.8000,93400
1493059740,143.7600,143.8300,143.7450,143.8000,99900
1493060040,143.7600,143.8100,143.7500,143.7500,91100
1493060399,143.8000,143.8000,143.7200,143.7654,106900
1493060640,143.8400,143.8500,143.7800,143.8000,127800
1493060999,143.7739,143.8700,143.7650,143.8300,265100
1493061240,143.8100,143.8200,143.7400,143.7700,162300
1493061540,143.7700,143.8100,143.7600,143.8000,108200
1493061840,143.7000,143.8000,143.6847,143.7601,285800
1493062140,143.6850,143.7400,143.6700,143.6900,188600
1493062440,143.7054,143.8000,143.6815,143.6900,213500
1493062742,143.7500,143.8000,143.7001,143.7100,180500
1493063040,143.7750,143.8100,143.7200,143.7600,213500
1493063341,143.7000,143.7800,143.6900,143.7750,194000
1493063699,143.5800,143.7100,143.5750,143.7100,375500
1493063941,143.6300,143.7000,143.5450,143.5900,13297800
1493064000,143.6400,143.6400,143.6400,143.6400,1500
1493127299,144.2100,144.3000,144.1000,144.1100,0
1493127599,144.2000,144.2500,144.1510,144.2100,420800
1493127840,144.1962,144.2600,144.1500,144.2000,364700
1493128199,144.4100,144.4600,144.1900,144.2000,426400
1493128444,144.2600,144.4500,144.2300,144.4253,335800
1493128740,144.1600,144.2700,144.1000,144.2600,326300
1493129099,144.2785,144.3400,144.1500,144.1600,364900
1493129342,144.3800,144.3800,144.2800,144.2800,247800
1493129699,144.1900,144.3900,144.1100,144.3836,377700
1493129940,144.2300,144.2800,144.1000,144.1900,209000
1493130243,144.2100,144.2800,144.1400,144.2390,181200
1493130540,144.2500,144.2701,144.2000,144.2000,164800
1493130840,144.3050,144.3500,144.2300,144.2500,205300
1493131140,144.4100,144.4353,144.2300,144.3048,191800
1493131499,144.4000,144.4300,144.3200,144.4161,200600
1493131741,144.4000,144.4100,144.3304,144.4000,0
1493132099,144.3743,144.4300,144.3201,144.3900,36500
1493132341,144.4000,144.4600,144.3800,144.3800,169000
1493132640,144.4500,144.4700,144.3600,144.3900,144000
1493132940,144.5400,144.5700,144.4445,144.4500,326000
1493133240,144.6500,144.6500,144.5300,144.5450,203000
1493133540,144.6850,144.7000,144.6100,144.6408,281700
1493133840,144.6300,144.6860,144.6100,144.6740,141800
1493134198,144.4758,144.6500,144.4700,144.6283,192800
1493134441,144.5900,144.5953,144.4305,144.4800,0
1493134742,144.6637,144.6900,144.5800,144.5900,196600
1493135042,144.6100,144.6650,144.5700,144.6600,150200
1493135340,144.6500,144.6900,144.6100,144.6200,125300
1493135641,144.6500,144.7000,144.6200,144.6550,106600
1493135942,144.5700,144.6900,144.5500,144.6600,146300
1493136240,144.6500,144.6600,144.5600,144.5697,87700
1493136545,144.6300,144.6898,144.6100,144.6600,85300
1493136841,144.6400,144.6863,144.5800,144.6300,106400
1493137197,144.6600,144.6850,144.6300,144.6550,106600
1493137498,144.6401,144.6750,144.5800,144.6750,120200
1493137752,144.6153,144.6500,144.5700,144.6450,127600
1493138040,144.5300,144.6150,144.5300,144.6100,127100
1493138346,144.5600,144.5900,144.4900,144.5300,148200
1493138645,144.4700,144.5650,144.4500,144.5650,114000
1493138940,144.4600,144.5200,144.4500,144.4700,115400
1493139244,144.5000,144.5399,144.4400,144.4600,97400
1493139541,144.4444,144.5100,144.4400,144.5000,63700
1493139899,144.4800,144.4900,144.4300,144.4457,152300
1493140198,144.5500,144.5500,144.4559,144.4700,133100
1493140448,144.6143,144.6300,144.5300,144.5445,140400
1493140740,144.6550,144.6700,144.5900,144.6200,139500
1493141040,144.6200,144.6600,144.6000,144.6500,70800
1493141340,144.6237,144.6600,144.6100,144.6163,106000
1493141698,144.6350,144.6400,144.5800,144.6300,143000
1493141941,144.6500,144.6500,144.6100,144.6300,109400
1493142242,144.7200,144.7500,144.6400,144.6500,238800
1493142542,144.7050,144.7500,144.6980,144.7150,90300
1493142844,144.7135,144.7400,144.7000,144.7100,109600
1493143199,144.7150,144.7250,144.6800,144.7100,0
1493143440,144.7500,144.7500,144.6799,144.7150,126100
1493143740,144.7900,144.8000,144.7300,144.7400,256100
1493144043,144.7763,144.8200,144.7544,144.7900,144100
1493144340,144.7900,144.8100,144.7600,144.7700,160100
1493144640,144.7450,144.7999,144.7300,144.7999,118900
1493144999,144.7250,144.7700,144.7100,144.7414,100800
1493145242,144.7850,144.7900,144.6900,144.7300,164400
1493145540,144.7799,144.8000,144.7650,144.7800,124200
1493145841,144.7600,144.7800,144.7300,144.7700,85900
1493146141,144.7100,144.7600,144.6800,144.7500,0
1493146440,144.6799,144.7250,144.6308,144.7000,165300
1493146799,144.6371,144.7000,144.6300,144.6700,154200
1493147099,144.7100,144.7300,144.6301,144.6400,196400
1493147341,144.8400,144.8500,144.7001,144.7100,285100
1493147699,144.8300,144.8500,144.7800,144.8343,139300
1493147940,144.8562,144.8700,144.7900,144.8357,208000
1493148242,144.8800,144.9000,144.8216,144.8600,244100
1493148543,144.7950,144.8850,144.7900,144.8800,206000
1493148899,144.7900,144.8200,144.7100,144.7950,301500
1493149141,144.7300,144.7900,144.6950,144.7850,191900
1493149442,144.7700,144.8300,144.7300,144.7300,233400
1493149744,144.7550,144.8000,144.7000,144.7600,346100
1493150097,144.5869,144.7200,144.5500,144.7000,557600
1493150399,144.5300,144.6250,144.5300,144.5900,722200
1493150400,144.5300,144.5300,144.5300,144.5300,1090700
1493213640,144.4000,144.5100,144.0600,144.4500,0
1493213999,144.4838,144.5400,144.3500,144.4100,428300
1493214243,144.4300,144.6000,144.4000,144.5000,480700
1493214599,144.4900,144.5400,144.4100,144.4600,351600
1493214843,144.4100,144.5000,144.3500,144.5000,275000
1493215199,144.4000,144.4500,144.3200,144.4300,228000
1493215443,144.2700,144.4250,144.2600,144.4200,274600
1493215797,144.1750,144.2900,144.1200,144.2799,346000
1493216042,144.1700,144.2500,144.0900,144.1800,325000
1493216340,143.9702,144.1900,143.8100,144.1649,511300
1493216641,143.9400,144.0000,143.9000,143.9883,266600
1493216942,143.9900,144.0000,143.9160,143.9400,221300
1493217240,143.9500,144.0000,143.8900,143.9900,242800
1493217541,144.0600,144.0725,143.9201,143.9500,294900
1493217846,143.9500,144.0600,143.9200,144.0600,189100
1493218140,144.0200,144.0200,143.9500,143.9600,221700
1493218440,144.0950,144.1800,143.9600,144.0300,353700
1493218797,144.1032,144.1400,144.0500,144.1000,277900
1493219041,144.1200,144.1589,144.0900,144.1000,125200
1493219344,143.9900,144.1500,143.9800,144.1100,163000
1493219643,143.8740,144.0295,143.8700,144.0000,180800
1493219940,143.9500,143.9700,143.8500,143.8650,143700
1493220299,144.1400,144.1400,143.9295,143.9600,183800
1493220542,144.1699,144.2100,144.1000,144.1350,227100
1493220840,144.2000,144.2400,144.1600,144.1650,182600
1493221141,144.2634,144.2900,144.1900,144.1900,190200
1493221440,144.1000,144.3100,144.0800,144.2650,197400
1493221740,143.9700,144.1500,143.9311,144.0942,198500
1493222044,144.0800,144.1750,143.9500,143.9500,173400
1493222340,144.0400,144.0832,143.9500,144.0800,179900
1493222640,144.1200,144.1700,143.9650,144.0300,112900
1493222941,144.1000,144.1500,144.0600,144.1300,74700
1493223243,144.2100,144.2600,144.0900,144.1000,108100
1493223540,144.2500,144.2800,144.1600,144.2100,111100
1493223841,144.1750,144.2600,144.1500,144.2500,78600
1493224140,144.0959,144.1900,144.0900,144.1800,71800
1493224442,144.1300,144.1300,144.0300,144.1000,79400
1493224741,144.1050,144.1401,144.0550,144.1200,74600
1493225040,144.0600,144.1500,144.0300,144.1100,98900
1493225342,143.9700,144.1700,143.9300,144.0600,135400
1493225699,144.0900,144.0900,143.9600,143.9600,127800
1493225999,144.1200,144.1700,144.0638,144.0900,112400
1493226299,144.0443,144.1315,144.0400,144.1253,80500
1493226541,144.0700,144.1200,144.0300,144.0471,89100
1493226842,144.0953,144.1000,144.0000,144.0700,93500
1493227140,144.0800,144.1400,144.0300,144.1000,113100
1493227441,144.1400,144.1600,144.0700,144.0900,125000
1493227741,144.1407,144.1950,144.1000,144.1200,129900
1493228041,144.1800,144.1800,144.0600,144.1450,115600
1493228343,144.2959,144.3400,144.1600,144.1800,191500
1493228640,144.4900,144.5593,144.2300,144.2900,501500
1493228940,144.1700,144.6000,144.0000,144.4600,656900
1493229240,144.2200,144.3300,144.1164,144.1800,247200
1493229597,144.0799,144.2400,144.0700,144.2000,145800
1493229842,144.1300,144.2000,144.0000,144.0800,203100
1493230199,144.1850,144.2100,144.0600,144.1100,154500
1493230442,144.2700,144.2800,144.1600,144.1900,117900
1493230740,144.0400,144.3400,144.0300,144.2700,295200
1493231041,144.1374,144.2000,144.0200,144.0300,131800
1493231398,144.0300,144.1600,144.0000,144.1300,251900
1493231644,144.1150,144.1600,144.0000,144.0300,173100
1493231941,144.0950,144.1200,144.0700,144.1000,67100
1493232298,144.0700,144.1100,144.0200,144.0900,136400
1493232540,144.0200,144.0760,143.9800,144.0700,182900
1493232840,143.9735,144.0600,143.9735,144.0200,0
1493233199,143.9200,144.0200,143.9138,143.9700,169600
1493233499,144.0400,144.0600,143.8800,143.9150,198800
1493233798,144.0900,144.1000,144.0000,144.0400,184100
1493234042,144.0800,144.1050,144.0200,144.0802,151800
1493234397,144.0100,144.1000,143.9800,144.0850,226200
1493234699,143.9700,144.0600,143.9500,144.0100,178900
1493234940,143.9600,144.0300,143.9100,143.9800,156000
1493235240,143.7500,143.9650,143.7000,143.9500,439500
1493235540,143.5300,143.7867,143.5200,143.7588,375800
1493235897,143.7300,143.7850,143.5100,143.5600,374900
1493236142,143.5800,143.7000,143.5610,143.6900,376600
1493236443,143.4100,143.6600,143.3762,143.6300,540500
1493236799,143.6600,143.7500,143.4400,143.4444,939800
1493236800,143.6200,143.6200,143.6200,143.6200,37700
1493300041,143.9800,144.1300,143.9100,144.0300,0
1493300342,143.6900,144.0900,143.6900,144.0500,386400
1493300641,143.8500,143.8800,143.6200,143.6900,337600
1493300998,143.7100,143.9100,143.5700,143.8400,349100
1493301299,143.4400,143.7300,143.4400,143.7092,323000
1493301542,143.5900,143.6400,143.4588,143.4600,272200
1493301840,143.6500,143.7000,143.5512,143.5700,195600
1493302145,143.5946,143.7500,143.5300,143.6500,217400
1493302443,143.6000,143.6800,143.5600,143.6000,211800
1493302798,143.6156,143.6600,143.5865,143.6000,153500
1493303045,143.5200,143.6463,143.5000,143.6144,149500
1493303340,143.3400,143.5300,143.3100,143.5200,237500
1493303698,143.5600,143.5700,143.3350,143.3362,171700
1493303940,143.5900,143.6200,143.5300,143.5600,138800
1493304299,143.4690,143.6000,143.4425,143.5900,133100
1493304540,143.3600,143.5150,143.3200,143.4400,182100
1493304899,143.4370,143.4547,143.3600,143.3600,185400
1493305142,143.3800,143.4600,143.3100,143.4400,149000
1493305440,143.5099,143.5300,143.3600,143.3700,169500
1493305741,143.3928,143.5200,143.3700,143.5000,174900
1493306040,143.5598,143.5707,143.3800,143.3900,157500
1493306342,143.5000,143.5556,143.4824,143.5556,133800
1493306640,143.4900,143.5100,143.4700,143.5000,128700
1493306999,143.4200,143.5200,143.4000,143.4900,135600
1493307241,143.5500,143.5500,143.4200,143.4200,137200
1493307544,143.4600,143.5555,143.4600,143.5300,67600
1493307840,143.5964,143.5964,143.4397,143.4600,103700
1493308199,143.5150,143.6200,143.5000,143.6000,130700
1493308441,143.6199,143.6210,143.4800,143.5100,157200
1493308741,143.6300,143.6400,143.5700,143.6100,92300
1493309098,143.6100,143.6600,143.5600,143.6300,102200
1493309340,143.6500,143.6600,143.5800,143.6100,87500
1493309642,143.6600,143.6916,143.6300,143.6550,98800
1493309941,143.6400,143.6700,143.6200,143.6700,57200
1493310241,143.6700,143.6800,143.6000,143.6400,82200
1493310599,143.6650,143.6800,143.6300,143.6600,73900
1493310842,143.6100,143.6800,143.6050,143.6700,85700
1493311145,143.6546,143.6548,143.5864,143.6100,102000
1493311440,143.6900,143.7500,143.6501,143.6600,87200
1493311740,143.7500,143.7644,143.6900,143.7000,100900
1493312099,143.8200,143.8400,143.7410,143.7544,113000
1493312340,143.8800,143.8900,143.8010,143.8200,116300
1493312641,143.8520,143.9000,143.8300,143.8873,105400
1493312941,143.8500,143.8800,143.8210,143.8600,53900
1493313295,143.8201,143.8700,143.8110,143.8590,82400
1493313551,143.7700,143.8400,143.7401,143.8200,73100
1493313899,143.7908,143.8600,143.7600,143.7750,117000
1493314141,143.8000,143.8450,143.7800,143.7900,59600
1493314499,143.7300,143.8300,143.7200,143.8000,74200
1493314799,143.7500,143.7700,143.7200,143.7200,44700
1493315041,143.7450,143.7950,143.7400,143.7600,57000
1493315342,143.7500,143.7901,143.7400,143.7450,58500
1493315643,143.7500,143.7700,143.7400,143.7500,54100
1493315943,143.8200,143.8200,143.7500,143.7528,57100
1493316244,143.7956,143.8200,143.7800,143.8100,50700
1493316541,143.7800,143.8000,143.7585,143.7950,85900
1493316840,143.7553,143.8100,143.7400,143.7900,122700
1493317144,143.7900,143.7925,143.7500,143.7550,75900
1493317441,143.6700,143.8000,143.6600,143.7947,98200
1493317740,143.6658,143.7100,143.6000,143.6800,124600
1493318040,143.7999,143.8000,143.6500,143.6600,109000
1493318341,143.7900,143.8100,143.7600,143.7900,62600
1493318641,143.8000,143.8000,143.7400,143.7976,56900
1493318940,143.7700,143.8047,143.7600,143.7900,81100
1493319243,143.7143,143.7900,143.6900,143.7700,83300
1493319549,143.7700,143.7750,143.7150,143.7200,63200
1493319840,143.6900,143.7700,143.6500,143.7700,151900
1493320199,143.5864,143.7400,143.5100,143.6999,196700
1493320499,143.7000,143.7200,143.5700,143.5900,114100
1493320741,143.6720,143.7300,143.6720,143.6900,90100
1493321041,143.7500,143.7600,143.6500,143.6700,94500
1493321340,143.8053,143.8100,143.7099,143.7499,118600
1493321699,143.7700,143.8900,143.7700,143.8000,234500
1493321942,143.7500,143.8150,143.6900,143.7800,201000
1493322299,143.8200,143.8550,143.7400,143.7400,170500
1493322543,143.7400,143.8800,143.7200,143.8200,238300
1493322840,143.6900,143.7100,143.6100,143.7000,463300
1493323142,143.7900,143.8100,143.4900,143.6701,848400
1493323200,143.7900,143.7900,143.7900,143.7900,1830800
1493386499,143.8100,143.9600,143.5500,143.8500,0
1493386742,143.6000,143.8200,143.5350,143.8100,348900
1493387040,143.5248,143.7500,143.4600,143.5600,419900
1493387340,143.2800,143.6500,143.2700,143.5201,349100
1493387640,143.3700,143.5180,143.2700,143.2800,352100
1493387942,143.3500,143.4100,143.3000,143.3701,242200
1493388241,143.5100,143.5600,143.3370,143.3500,234800
1493388540,143.3900,143.5700,143.3900,143.4900,286100
1493388840,143.5100,143.5300,143.3800,143.3900,287400
1493389143,143.5700,143.6484,143.4500,143.5200,169500
1493389499,143.6400,143.7200,143.5100,143.5601,174400
1493389740,143.6600,143.6900,143.6000,143.6400,133500
1493390099,143.6000,143.6800,143.5400,143.6554,124800
1493390340,143.6766,143.7300,143.5900,143.5978,113500
1493390643,143.6800,143.6900,143.6232,143.6700,128100
1493390940,143.5350,143.6800,143.5100,143.6800,148600
1493391299,143.6600,143.7000,143.5100,143.5454,109100
1493391599,143.8100,143.8350,143.6500,143.6600,315700
1493391840,143.8900,143.8900,143.7700,143.8200,153000
1493392140,143.7900,143.8900,143.7500,143.8900,162200
1493392440,143.7093,143.8158,143.6700,143.7900,167200
1493392796,143.8601,143.8700,143.6500,143.7100,162200
1493393040,143.6800,143.8900,143.6600,143.8644,179000
1493393399,143.6950,143.7201,143.6600,143.6900,128700
1493393641,143.7000,143.7356,143.6100,143.6950,107100
1493393944,143.8046,143.8046,143.6900,143.7000,1111500
1493394297,143.8305,143.9100,143.7900,143.8000,143000
1493394544,143.9300,143.9300,143.8200,143.8230,155400
1493394845,143.9600,143.9600,143.8700,143.9400,150900
1493395143,143.9500,143.9800,143.9200,143.9600,122900
1493395441,144.1160,144.1200,143.9455,143.9455,0
1493395799,144.1600,144.1700,144.0927,144.1195,183200
1493396040,144.0700,144.1800,144.0700,144.1550,173300
1493396341,144.1000,144.1400,144.0400,144.0747,269900
1493396640,144.1500,144.1500,144.0800,144.1000,104100
1493396940,144.1000,144.1500,144.1000,144.1500,110600
1493397240,144.1235,144.1360,144.0800,144.1000,95400
1493397598,144.1000,144.1400,144.0900,144.1300,116800
1493397840,144.1400,144.1500,144.0600,144.1000,209600
1493398140,144.2500,144.2500,144.1300,144.1500,286700
1493398499,144.2500,144.3000,144.2300,144.2500,178500
1493398742,144.2700,144.2900,144.2400,144.2500,115100
1493399047,144.2500,144.2900,144.2200,144.2699,114500
1493399342,144.1000,144.2500,144.1000,144.2500,143100
1493399697,144.0900,144.1400,144.0700,144.1000,115700
1493399941,144.0270,144.1300,143.9974,144.0952,192900
1493400240,144.0500,144.0700,143.9900,144.0100,94400
1493400598,144.0200,144.0500,143.9900,144.0400,97600
1493400843,143.9700,144.0300,143.9250,144.0300,140400
1493401143,143.9800,144.0400,143.9500,143.9600,75500
1493401492,143.9550,143.9999,143.9132,143.9800,114900
1493401742,143.9394,143.9700,143.9100,143.9600,80700
1493402047,143.9358,143.9450,143.8800,143.9302,97600
1493402340,143.8900,143.9300,143.8600,143.9300,75300
1493402699,143.7120,143.9100,143.6900,143.8950,241300
1493402940,143.6900,143.7500,143.6550,143.7150,161100
1493403240,143.6300,143.7000,143.5700,143.7000,199900
1493403540,143.6798,143.7150,143.6300,143.6358,257200
1493403843,143.7400,143.7700,143.6500,143.6700,109000
1493404140,143.7500,143.7850,143.7134,143.7487,89900
1493404440,143.8100,143.8100,143.7400,143.7600,132100
1493404742,143.6800,143.8200,143.6700,143.8100,0
1493405099,143.6458,143.7500,143.6400,143.6800,104000
1493405345,143.6600,143.6900,143.6100,143.6467,154700
1493405640,143.5958,143.6600,143.5850,143.6600,113300
1493405940,143.6200,143.6500,143.5900,143.5950,172400
1493406298,143.5801,143.6400,143.5400,143.6101,158600
1493406599,143.6200,143.6400,143.5600,143.5850,211700
1493406840,143.6700,143.6700,143.6000,143.6200,117200
1493407199,143.7600,143.7700,143.6200,143.6600,188700
1493407440,143.6400,143.7600,143.6400,143.7600,277100
1493407740,143.5300,143.6699,143.5300,143.6400,263900
1493408098,143.5250,143.5700,143.5100,143.5300,0
1493408398,143.4600,143.5800,143.4542,143.5221,346900
1493408698,143.4625,143.5200,143.4500,143.4700,444900
1493408940,143.5300,143.5500,143.4500,143.4650,342000
1493409241,143.6850,143.7200,143.5700,143.5750,379900
1493409540,143.6400,143.7500,143.5500,143.6899,19058400
1493409600,143.6500,143.6500,143.6500,143.6500,0
